          0.06913043
          0.06325636
          0.05762324
          0.05333506
          0.04970021
          0.04687762
          0.04572013
          0.04523505
          0.04505938
          0.04510969
          0.04522111
          0.04534166
          0.04546960
          0.04559759
          0.04572938
          0.04585021
          0.04597242
          0.04611015
          0.04627173
          0.04638811
          0.04650689
          0.04663162
          0.04678556
          0.04696141
          0.04708909
          0.04720392
          0.04733218
          0.04746387
          0.04756120
          0.04772670
          0.04783201
          0.04798918
          0.04812055
          0.04829897
          0.04846594
          0.04860687
          0.04874745
          0.04888479
          0.04902824
          0.04915673
          0.04929065
          0.04940693
          0.04953675
          0.04968714
          0.04983213
          0.04996367
          0.05011198
          0.05029630
          0.05043829
          0.05058586
          0.05070579
          0.05087694
          0.05107222
          0.05168357
          0.05215932
          0.05244848
          0.05238983
          0.05183767
          0.05069096
          0.04802865
          0.04497198
          0.04846888
          0.05154662
          0.05267486
          0.05302461
          0.05316981
          0.05332955
          0.05350825
          0.05370249
          0.05386392
          0.05403482
          0.05416251
          0.05429862
          0.05447399
          0.05463181
          0.05479184
          0.05498504
          0.05509658
          0.05530289
          0.05544169
          0.05562870
          0.05582267
          0.05601886
          0.05613807
          0.05642256
          0.05706242
          0.05833137
          0.05955061
          0.05979540
          0.05893621
          0.05561197
          0.04974834
          0.04449593
          0.04262088
          0.04746022
          0.05926457
          0.06395450
          0.06254991
          0.05401179
          0.04214130
          0.03199694
          0.03033211
          0.03554655
          0.04298772
          0.04741713
          0.05056944
          0.05583509
          0.06024489
          0.06104997
          0.06123261
          0.06150052
          0.06173178
          0.06191931
          0.06209224
          0.06228638
          0.06248366
          0.06268116
          0.06287318
          0.06309531
          0.06330727
          0.06352350
          0.06370906
          0.06397919
          0.06425787
          0.06455929
          0.06480432
          0.06503722
          0.06516193
          0.06495344
          0.06447562
          0.06445038
          0.06481259
          0.06468395
          0.06588948
          0.06615908
          0.06629266
          0.06654159
          0.06675193
          0.06693794
          0.06716606
          0.06735636
          0.06751983
          0.06766102
          0.06783503
          0.06802440
          0.06820520
          0.06835259
          0.06849334
          0.06865455
          0.06895319
          0.06917278
          0.06939602
          0.06962159
          0.06975226
          0.07003355
          0.07009820
          0.07032250
          0.07048828
          0.07078398
          0.07110237
          0.07138475
          0.07169079
          0.07199080
          0.07207087
          0.07205936
          0.07199483
          0.07137362
          0.07091991
          0.07037434
          0.07100530
          0.07208679
          0.07188197
          0.07283440
          0.07345753
          0.07412635
          0.07479453
          0.07550103
          0.07604341
          0.07723546
          0.08468322
          0.09613416
          0.09968096
          0.10116978
          0.09972096
          0.09258432
          0.07880378
          0.06198389
          0.04001412
          0.01045103
          0.00326132
          0.02175349
          0.03640596
          0.04650854
          0.05342824
          0.06015234
          0.06428048
          0.06659011
          0.06839367
          0.06927381
          0.07005754
          0.07012107
          0.06859433
          0.06859491
          0.06655948
          0.06535664
          0.06484508
          0.06334488
          0.06363224
          0.06438133
          0.06591417
          0.06866781
          0.07092478
          0.07230225
          0.07251381
          0.07289257
          0.07338920
          0.07466412
          0.07669063
          0.07947525
          0.08214649
          0.08496402
          0.08877876
          0.09455933
          0.09806246
          0.09910598
          0.09694637
          0.09365571
          0.10594723
          0.10329241
          0.08761745
          0.06737065
          0.05266504
          0.03592740
          0.02799260
          0.00956911
          0.00239249
          0.02008514
          0.04163409
          0.05326666
          0.06275240
          0.07120658
          0.07662051
          0.08067979
          0.08234993
          0.08419016
          0.08488024
          0.08501157
          0.08664246
          0.08924264
          0.09107834
          0.09297720
          0.09431786
          0.09380013
          0.09642392
          0.09771461
          0.10093744
          0.10487314
          0.10658110
          0.10722995
          0.10793087
          0.10834087
          0.10847398
          0.10899395
          0.10877464
          0.10794340
          0.10681940
          0.10493348
          0.10409649
          0.10282901
          0.10118274
          0.10049605
          0.10036410
          0.10174188
          0.10218088
          0.10420936
          0.10638016
          0.10768542
          0.10887028
          0.11068756
          0.11047094
          0.11081602
          0.11058323
          0.10972930
          0.10827096
          0.10644771
          0.10444197
          0.10353606
          0.10341529
          0.10664114
          0.11018415
          0.11284929
          0.11376710
          0.11466008
          0.11606307
          0.11746538
          0.11855245
          0.11927125
          0.11942862
          0.11900640
          0.11812578
          0.11446781
          0.10992117
          0.10571899
          0.10387069
          0.10796565
          0.11373394
          0.11512271
          0.11784118
          0.11765241
          0.10920522
          0.10065932
          0.09309691
          0.08650551
          0.07841268
          0.06918250
          0.06191278
          0.05651962
          0.04849372
          0.04144559
          0.04055415
          0.04311498
          0.04774761
          0.06409430
          0.08600116
          0.09604800
          0.10214107
          0.09627810
          0.08253525
          0.06937839
          0.05795696
          0.05379088
          0.05806603
          0.06615467
          0.07574399
          0.09206899
          0.10475536
          0.11338864
          0.11898048
          0.12268822
          0.12350797
          0.12434019
          0.12427378
          0.12470450
          0.12493492
          0.12492589
          0.12409505
          0.12323550
          0.12302409
          0.12432685
          0.12488478
          0.12524213
          0.12494728
          0.12565840
          0.12573661
          0.12620371
          0.12696517
          0.12717196
          0.12735099
          0.12715105
          0.12730736
          0.12747715
          0.12776706
          0.12814221
          0.12846922
          0.12876272
          0.12894353
          0.12912186
          0.12943883
          0.13126025
          0.13280038
          0.13425043
          0.13539119
          0.13662787
          0.13774815
          0.13862584
          0.13855702
          0.13749553
          0.13490861
          0.13076698
          0.12543158
          0.11927418
          0.11146560
          0.09968493
          0.09361418
          0.09671977
          0.10176246
          0.10713546
          0.11134882
          0.11462847
          0.11881246
          0.12284533
          0.12572176
          0.12994565
          0.13056490
          0.13321130
          0.13539340
          0.13572302
          0.13594481
          0.13615050
          0.13626589
          0.13661361
          0.13681955
          0.13679817
          0.13699280
          0.13722898
          0.13745642
          0.13770287
          0.13795268
          0.13819103
          0.13843036
          0.13865227
          0.13891385
          0.13913926
          0.13937313
          0.13960534
          0.13984776
          0.14006018
          0.14031000
          0.14055183
          0.14076271
          0.14095060
          0.14114877
          0.14162426
          0.14183283
          0.14227217
          0.14288057
          0.14409332
          0.14588831
          0.14778121
          0.14966953
          0.15098625
          0.15164007
          0.15201393
          0.15262888
          0.15328033
          0.15386485
          0.15430865
          0.15516598
          0.15496322
          0.15501220
          0.15421755
          0.15270133
          0.15038058
          0.14401348
          0.13001674
          0.11783476
          0.11185009
          0.10620374
          0.10647724
          0.11233550
          0.11875780
          0.12275089
          0.12715765
          0.13044365
          0.12717695
          0.12330915
          0.12023595
          0.12329375
          0.12615917
          0.13077538
          0.13695417
          0.13840754
          0.13815197
          0.13915654
          0.13873868
          0.13945122
          0.13920594
          0.13903107
          0.13967943
          0.14191642
          0.14610415
          0.14820846
          0.14960348
          0.15147998
          0.15311989
          0.15472348
          0.15607915
          0.15701315
          0.15816693
          0.15947258
          0.16184409
          0.16394333
          0.16604908
          0.16829915
          0.17087057
          0.17422746
          0.17637423
          0.17826585
          0.18036178
          0.18192570
          0.18286366
          0.17954534
          0.17699113
          0.17246164
          0.16470259
          0.15770514
          0.15241775
          0.14435206
          0.13373259
          0.12518029
          0.11865613
          0.10617037
          0.09429439
          0.08877422
          0.09315549
          0.11250630
          0.13685672
          0.14547016
          0.16212071
          0.17320169
          0.18231622
          0.17924218
          0.17045915
          0.15896451
          0.14376333
          0.13106012
          0.11950023
          0.11026794
          0.09926336
          0.08628798
          0.07174505
          0.05763086
          0.04653549
          0.03812899
          0.02683082
          0.00847862
          0.00050543
          0.08788132
          0.12679525
          0.15249446
          0.18524371
          0.21439883
          0.23476235
          0.25464227
          0.26731582
          0.27823460
          0.28836066
          0.29558956
          0.30331249
          0.30900813
          0.32092408
          0.33329699
          0.34220453
          0.35135032
          0.36037047
          0.36615785
          0.37038353
          0.37130772
          0.37181669
          0.37332115
          0.37430198
          0.37459362
          0.37494114
          0.37541708
          0.37577130
          0.37615887
          0.37655587
          0.37717748
          0.37703611
          0.37733770
          0.37767523
          0.37817283
          0.37850157
          0.37876783
          0.37906234
          0.37947081
          0.37986998
          0.37993860
          0.38020978
          0.38049235
          0.38080494
          0.38105671
          0.38143921
          0.38183882
          0.38207211
          0.38310281
          0.38339615
          0.38597178
          0.38907767
          0.39222892
          0.39465815
          0.39711305
          0.40073857
          0.40312791
          0.40553916
          0.40788624
          0.41030881
          0.41480485
          0.41936727
          0.42565879
          0.44190765
          0.48300867
          0.49811440
          0.48424502
          0.45666018
          0.41813514
          0.36726963
          0.31132657
          0.25893266
          0.21626155
          0.17874587
          0.15029668
          0.11846111
          0.08716040
          0.06738593
          0.05950969
          0.05428825
          0.05275469
          0.05983037
          0.07518865
          0.09438450
          0.11452494
          0.12570630
          0.12879119
          0.13177790
          0.13453582
          0.13621264
          0.13789323
          0.13884673
          0.14071762
          0.14237327
          0.14389715
          0.14596038
          0.14858981
          0.15201626
          0.15320899
          0.15550558
          0.15787369
          0.15968663
          0.16142981
          0.16475912
          0.16648049
          0.16926179
          0.17167140
          0.17622921
          0.17856932
          0.18085759
          0.18374815
          0.18635132
          0.19002098
          0.19326394
          0.19625957
          0.19891166
          0.20270325
          0.20778190
          0.21007121
          0.21396474
          0.22000822
          0.22434044
          0.23021804
          0.23960419
          0.24721621
          0.25696887
          0.26956074
          0.28598052
          0.30820681
          0.33738459
          0.37488233
          0.42680783
          0.50150414
          0.60731577
          0.76795969
