           2 ,           2 ,   6.9130433354978746E-002 ,  0.40366596871090782      ,   100.40366596871091     
           2 ,           3 ,   6.3256356240816949E-002 ,  0.64302329167973382      ,   101.04668926039065     
           2 ,           4 ,   5.7623239333827930E-002 ,  0.68282199312454273      ,   101.72951125351520     
           2 ,           5 ,   5.3335059294065387E-002 ,  0.51328572041932530      ,   102.24279697393452     
           2 ,           6 ,   4.9700214739775442E-002 ,  0.81987071397232159      ,   103.06266768790684     
           2 ,           7 ,   4.6877619652803258E-002 ,  0.79272663322011183      ,   103.85539432112695     
           2 ,           8 ,   4.5720133181450531E-002 ,  0.32760554906766942      ,   104.18299987019462     
           2 ,           9 ,   4.5235050568866710E-002 ,  0.63516157027396014      ,   104.81816144046859     
           2 ,          10 ,   4.5059375204023797E-002 ,  0.62650059920481227      ,   105.44466203967340     
           2 ,          11 ,   4.5109687527858960E-002 ,  0.62559021931747594      ,   106.07025225899088     
           2 ,          12 ,   4.5221114661760958E-002 ,  0.62686732716252147      ,   106.69711958615339     
           2 ,          13 ,   4.5341655136374490E-002 ,  0.62848074729094039      ,   107.32560033344433     
           2 ,          14 ,   4.5469603921205137E-002 ,  0.63033792032656910      ,   107.95593825377090     
           2 ,          15 ,   4.5597593255693306E-002 ,  0.63211871443785106      ,   108.58805696820875     
           2 ,          16 ,   4.5729381038985988E-002 ,  0.63387364190139739      ,   109.22193061011015     
           2 ,          17 ,   4.5850214162357329E-002 ,  0.63520483132915695      ,   109.85713544143931     
           2 ,          18 ,   4.5972418769254952E-002 ,  0.63657023317522599      ,   110.49370567461453     
           2 ,          19 ,   4.6110153447626326E-002 ,  0.63873887590329814      ,   111.13244455051783     
           2 ,          20 ,   4.6271731096962088E-002 ,  0.64220507496391877      ,   111.77464962548176     
           2 ,          21 ,   4.6388105555622068E-002 ,  0.64410918040916632      ,   112.41875880589092     
           2 ,          22 ,   4.6506892577461753E-002 ,  0.64607281080412826      ,   113.06483161669505     
           2 ,          23 ,   4.6631618495428837E-002 ,  0.64823005680381962      ,   113.71306167349887     
           2 ,          24 ,   4.6785562863447289E-002 ,  0.97413190965674712      ,   114.68719358315562     
           2 ,          25 ,   4.6961409860785223E-002 ,  0.64984213431431392      ,   115.33703571746993     
           2 ,          26 ,   4.7089088727601765E-002 ,  0.48767101545921487      ,   115.82470673292914     
           2 ,          27 ,   4.7203923022378864E-002 ,  0.65019859436123195      ,   116.47490532729037     
           2 ,          28 ,   4.7332180406163792E-002 ,  0.65109730716947334      ,   117.12600263445985     
           2 ,          29 ,   4.7463873549482456E-002 ,  0.65722210453986263      ,   117.78322473899972     
           2 ,          30 ,   4.7561202781672404E-002 ,  0.49558064238956723      ,   118.27880538138929     
           2 ,          31 ,   4.7726695796374882E-002 ,  0.66273935770896397      ,   118.94154473909825     
           2 ,          32 ,   4.7832013548630689E-002 ,  0.66390240091477293      ,   119.60544714001303     
           2 ,          33 ,   4.7989177735038094E-002 ,  0.66866371549591919      ,   120.27411085550895     
           2 ,          34 ,   4.8120551509823792E-002 ,  0.83676180106963627      ,   121.11087265657859     
           2 ,          35 ,   4.8298972470011511E-002 ,  0.83499619402456715      ,   121.94586885060316     
           2 ,          36 ,   4.8465936600950638E-002 ,  0.66713464016547563      ,   122.61300349076863     
           2 ,          37 ,   4.8606866665527874E-002 ,  0.66783916543470700      ,   123.28084265620335     
           2 ,          38 ,   4.8747450006589324E-002 ,  0.66892914383136892      ,   123.94977180003471     
           2 ,          39 ,   4.8884794446382746E-002 ,  0.66999735556593187      ,   124.61976915560064     
           2 ,          40 ,   4.9028235243234235E-002 ,  0.67257177684049985      ,   125.29234093244114     
           2 ,          41 ,   4.9156727565464298E-002 ,  0.67538072428290108      ,   125.96772165672404     
           2 ,          42 ,   4.9290648079476987E-002 ,  0.67716860428267489      ,   126.64489026100671     
           2 ,          43 ,   4.9406927239398810E-002 ,  0.50923846927879746      ,   127.15412873028551     
           2 ,          44 ,   4.9536745233590564E-002 ,  0.67943047906899190      ,   127.83355920935450     
           2 ,          45 ,   4.9687142501718240E-002 ,  0.68256785928749319      ,   128.51612706864199     
           2 ,          46 ,   4.9832126647671178E-002 ,  0.68524935594981129      ,   129.20137642459181     
           2 ,          47 ,   4.9963666392873265E-002 ,  0.51531486796387438      ,   129.71669129255568     
           2 ,          48 ,   5.0111980129755034E-002 ,  0.85762086893913558      ,   130.57431216149482     
           2 ,          49 ,   5.0296298845198484E-002 ,  0.69022518034220270      ,   131.26453734183701     
           2 ,          50 ,   5.0438294403209939E-002 ,  0.51696767708013625      ,   131.78150501891716     
           2 ,          51 ,   5.0585857672135970E-002 ,  0.69372570413955870      ,   132.47523072305671     
           2 ,          52 ,   5.0705788971605839E-002 ,  0.69750264872693013      ,   133.17273337178364     
           2 ,          53 ,   5.0876944206519253E-002 ,  0.69925880475706736      ,   133.87199217654072     
           2 ,          54 ,   5.1072217697264673E-002 ,  0.70279395447881865      ,   134.57478613101952     
           2 ,          55 ,   5.1683573848216854E-002 ,  0.72285712372834177      ,   135.29764325474787     
           2 ,          56 ,   5.2159320560840078E-002 ,  0.73682833001236614      ,   136.03447158476024     
           2 ,          57 ,   5.2448484404488377E-002 ,  0.74657316721971267      ,   136.78104475197995     
           2 ,          58 ,   5.2389830954558583E-002 ,  0.75017238012695364      ,   137.53121713210689     
           2 ,          59 ,   5.1837667754196036E-002 ,  0.73720754009879808      ,   138.26842467220570     
           2 ,          60 ,   5.0690957789840889E-002 ,  0.71210190568133003      ,   138.98052657788702     
           2 ,          61 ,   4.8028651099953870E-002 ,  0.93173906355653258      ,   139.91226564144355     
           2 ,          62 ,   4.4971981502232743E-002 ,  0.57977294623545839      ,   140.49203858767902     
           2 ,          63 ,   4.8468883197813159E-002 ,  0.76190476327209222      ,   141.25394335095112     
           2 ,          64 ,   5.1546619091987170E-002 ,  0.95100002781411708      ,   142.20494337876522     
           2 ,          65 ,   5.2674858439834715E-002 ,  0.73341109106486613      ,   142.93835446983007     
           2 ,          66 ,   5.3024605204062658E-002 ,  0.74343053016036242      ,   143.68178499999044     
           2 ,          67 ,   5.3169812486824578E-002 ,  0.74392965661092247      ,   144.42571465660137     
           2 ,          68 ,   5.3329545704783481E-002 ,  0.74085240819488074      ,   145.16656706479625     
           2 ,          69 ,   5.3508254253598432E-002 ,  0.92731905950265858      ,   146.09388612429890     
           2 ,          70 ,   5.3702485100106626E-002 ,  0.74571624373310741      ,   146.83960236803202     
           2 ,          71 ,   5.3863915131252868E-002 ,  0.74677851857547239      ,   147.58638088660749     
           2 ,          72 ,   5.4034817583083643E-002 ,  0.74986061793434700      ,   148.33624150454185     
           2 ,          73 ,   5.4162511018798626E-002 ,  0.56396943383384612      ,   148.90021093837569     
           2 ,          74 ,   5.4298619636569123E-002 ,  0.75190107444948451      ,   149.65211201282517     
           2 ,          75 ,   5.4473993108477073E-002 ,  0.75951094806414532      ,   150.41162296088930     
           2 ,          76 ,   5.4631807993182901E-002 ,  0.76566309126471643      ,   151.17728605215402     
           2 ,          77 ,   5.4791836332920618E-002 ,  0.77092799260232159      ,   151.94821404475633     
           2 ,          78 ,   5.4985041044172164E-002 ,  0.77629004408258051      ,   152.72450408883890     
           2 ,          79 ,   5.5096582205283448E-002 ,  0.77704935382359297      ,   153.50155344266250     
           2 ,          80 ,   5.5302888194077568E-002 ,  0.78168751458696262      ,   154.28324095724946     
           2 ,          81 ,   5.5441686427348660E-002 ,  0.78585067945756515      ,   155.06909163670701     
           2 ,          82 ,   5.5628702861693677E-002 ,  0.79197522752772298      ,   155.86106686423474     
           2 ,          83 ,   5.5822673440712629E-002 ,  0.79728152547791331      ,   156.65834838971264     
           2 ,          84 ,   5.6018857318470734E-002 ,  0.80220955193735355      ,   157.46055794164999     
           2 ,          85 ,   5.6138065449333446E-002 ,  0.80406943124432739      ,   158.26462737289432     
           2 ,          86 ,   5.6422557906101380E-002 ,  0.81012457569600183      ,   159.07475194859032     
           2 ,          87 ,   5.7062423955396131E-002 ,  0.82900251371045086      ,   159.90375446230078     
           2 ,          88 ,   5.8331372211860182E-002 ,  0.87565442464979770      ,   160.77940888695059     
           2 ,          89 ,   5.9550614746202650E-002 ,  0.92451408858126238      ,   161.70392297553187     
           2 ,          90 ,   5.9795399962811843E-002 ,  0.93922285767037483      ,   162.64314583320225     
           2 ,          91 ,   5.8936209781228800E-002 ,  0.92743728316726171      ,   163.57058311636951     
           2 ,          92 ,   5.5611965618777591E-002 ,  0.85630258688611627      ,   164.42688570325564     
           2 ,          93 ,   4.9748342084892198E-002 ,  0.76405591381460458      ,   165.19094161707025     
           2 ,          94 ,   4.4495925538305454E-002 ,  0.31981682961194147      ,   165.51075844668219     
           2 ,          95 ,   4.2620879125656742E-002 ,  0.62930107124083767      ,   166.14005951792302     
           2 ,          96 ,   4.7460224913169050E-002 ,  0.93947021015229759      ,   167.07952972807533     
           2 ,          97 ,   5.9264570091806620E-002 ,   1.1178507059901293      ,   168.19738043406545     
           2 ,          98 ,   6.3954498123327527E-002 ,   1.1590187497723692      ,   169.35639918383782     
           2 ,          99 ,   6.2549914901381329E-002 ,   1.1659904386293123      ,   170.52238962246713     
           2 ,         100 ,   5.4011793697057831E-002 ,  0.93002667676640582      ,   171.45241629923353     
           2 ,         101 ,   4.2141297629157908E-002 ,  0.63144871359287835      ,   172.08386501282641     
           2 ,         102 ,   3.1996936679648293E-002 ,  0.69080883570415819      ,   172.77467384853057     
           2 ,         103 ,   3.0332109076057243E-002 ,  0.43058996095213659      ,   173.20526380948272     
           2 ,         104 ,   3.5546549238171354E-002 ,  0.66769279134773374      ,   173.87295660083046     
           2 ,         105 ,   4.2987717463041211E-002 ,  0.62333039366351495      ,   174.49628699449397     
           2 ,         106 ,   4.7417130402444059E-002 ,  0.43407540683854251      ,   174.93036240133250     
           2 ,         107 ,   5.0569438266006378E-002 ,  0.64902166420725060      ,   175.57938406553976     
           2 ,         108 ,   5.5835094486805861E-002 ,  0.85451077572311473      ,   176.43389484126288     
           2 ,         109 ,   6.0244894017046094E-002 ,  0.90268193484754755      ,   177.33657677611043     
           2 ,         110 ,   6.1049974826558141E-002 ,  0.92198870450890102      ,   178.25856548061932     
           2 ,         111 ,   6.1232605828293547E-002 ,  0.92041405438794088      ,   179.17897953500727     
           2 ,         112 ,   6.1500523288873572E-002 ,  0.92742547993812918      ,   180.10640501494541     
           2 ,         113 ,   6.1731781706304806E-002 ,  0.93286912877935624      ,   181.03927414372475     
           2 ,         114 ,   6.1919310194841468E-002 ,  0.70064173368294491      ,   181.73991587740770     
           2 ,         115 ,   6.2092237422726800E-002 ,  0.93722761838126045      ,   182.67714349578895     
           2 ,         116 ,   6.2286381933542453E-002 ,  0.93946887441819604      ,   183.61661237020715     
           2 ,         117 ,   6.2483656913182299E-002 ,  0.94200791015719854      ,   184.55862028036435     
           2 ,         118 ,   6.2681159181443624E-002 ,  0.94367358843144655      ,   185.50229386879579     
           2 ,         119 ,   6.2873184214592190E-002 ,  0.94492765606648521      ,   186.44722152486227     
           2 ,         120 ,   6.3095310051666992E-002 ,  0.94818189340043846      ,   187.39540341826270     
           2 ,         121 ,   6.3307267398830205E-002 ,  0.95341663409260136      ,   188.34882005235531     
           2 ,         122 ,   6.3523498752308796E-002 ,  0.95875303447980642      ,   189.30757308683511     
           2 ,         123 ,   6.3709063137324662E-002 ,  0.72043455801268264      ,   190.02800764484778     
           2 ,         124 ,   6.3979194770634351E-002 ,  0.96376030105027533      ,   190.99176794589806     
           2 ,         125 ,   6.4257865761139107E-002 ,  0.96809785248764890      ,   191.95986579838572     
           2 ,         126 ,   6.4559286644431710E-002 ,  0.97538755479226569      ,   192.93525335317798     
           2 ,         127 ,   6.4804323054897833E-002 ,  0.98033512041549153      ,   193.91558847359349     
           2 ,         128 ,   6.5037220048163383E-002 ,  0.98471711056549005      ,   194.90030558415899     
           2 ,         129 ,   6.5161930611886520E-002 ,  0.74025525863564123      ,   195.64056084279463     
           2 ,         130 ,   6.4953444280982070E-002 ,  0.49032222861083946      ,   196.13088307140546     
           2 ,         131 ,   6.4475616416941592E-002 ,  0.72516403865579715      ,   196.85604711006127     
           2 ,         132 ,   6.4450378553897444E-002 ,  0.96353253389660665      ,   197.81957964395787     
           2 ,         133 ,   6.4812592762480734E-002 ,  0.48518586535001246      ,   198.30476550930788     
           2 ,         134 ,   6.4683949820218675E-002 ,  0.96455076066888545      ,   199.26931626997677     
           2 ,         135 ,   6.5889483752328198E-002 ,  0.99345637755836980      ,   200.26277264753514     
           2 ,         136 ,   6.6159082283206591E-002 ,  0.74983169087980550      ,   201.01260433841495     
           2 ,         137 ,   6.6292660092969385E-002 ,  0.50248212341634546      ,   201.51508646183129     
           2 ,         138 ,   6.6541586093274291E-002 ,  0.88773570088114095      ,   202.40282216271243     
           2 ,         139 ,   6.6751926701957148E-002 ,  0.92103308889401692      ,   203.32385525160643     
           2 ,         140 ,   6.6937941701156661E-002 ,   1.0152445409238107      ,   204.33909979253025     
           2 ,         141 ,   6.7166059698872640E-002 ,  0.70246192954644782      ,   205.04156172207669     
           2 ,         142 ,   6.7356356979224916E-002 ,  0.90075411166949781      ,   205.94231583374619     
           2 ,         143 ,   6.7519826340293826E-002 ,  0.67816737871274901      ,   206.62048321245894     
           2 ,         144 ,   6.7661024113454080E-002 ,  0.67750310035940076      ,   207.29798631281832     
           2 ,         145 ,   6.7835030497428783E-002 ,  0.90562277812975589      ,   208.20360909094808     
           2 ,         146 ,   6.8024401591716882E-002 ,  0.91092438535894082      ,   209.11453347630703     
           2 ,         147 ,   6.8205204205237471E-002 ,  0.91916305122651443      ,   210.03369652753355     
           2 ,         148 ,   6.8352589236816225E-002 ,  0.45991874250353137      ,   210.49361527003708     
           2 ,         149 ,   6.8493340360584076E-002 ,  0.91433387274808586      ,   211.40794914278516     
           2 ,         150 ,   6.8654546653176607E-002 ,   1.0397965565161658      ,   212.44774569930132     
           2 ,         151 ,   6.8953189562306547E-002 ,  0.91822508052696894      ,   213.36597077982830     
           2 ,         152 ,   6.9172775171179701E-002 ,  0.92409476941441904      ,   214.29006554924271     
           2 ,         153 ,   6.9396015098683206E-002 ,  0.92740090591178015      ,   215.21746645515449     
           2 ,         154 ,   6.9621592331557500E-002 ,  0.92996834313614496      ,   216.14743479829065     
           2 ,         155 ,   6.9752255876175756E-002 ,  0.93089644975780805      ,   217.07833124804844     
           2 ,         156 ,   7.0033554633855050E-002 ,  0.94047943378076237      ,   218.01881068182919     
           2 ,         157 ,   7.0098202525021192E-002 ,  0.46843425427654539      ,   218.48724493610575     
           2 ,         158 ,   7.0322498842019715E-002 ,  0.93577944738906826      ,   219.42302438349483     
           2 ,         159 ,   7.0488277120559772E-002 ,  0.93869348084369908      ,   220.36171786433854     
           2 ,         160 ,   7.0783982918718416E-002 ,  0.94282324532704354      ,   221.30454110966559     
           2 ,         161 ,   7.1102372656587462E-002 ,  0.95793138252770582      ,   222.26247249219330     
           2 ,         162 ,   7.1384750602586464E-002 ,  0.96160800994972329      ,   223.22408050214301     
           2 ,         163 ,   7.1690785571965621E-002 ,  0.97475150211841921      ,   224.19883200426142     
           2 ,         164 ,   7.1990799247826739E-002 ,  0.98568051342206164      ,   225.18451251768349     
           2 ,         165 ,   7.2070865219342334E-002 ,  0.49716814643013163      ,   225.68168066411363     
           2 ,         166 ,   7.2059359229480868E-002 ,  0.99195347050687754      ,   226.67363413462050     
           2 ,         167 ,   7.1994829298301172E-002 ,  0.99077724756214303      ,   227.66441138218264     
           2 ,         168 ,   7.1373619688358605E-002 ,  0.76934569808414599      ,   228.43375708026679     
           2 ,         169 ,   7.0919914691545391E-002 ,  0.82450978278493858      ,   229.25826686305172     
           2 ,         170 ,   7.0374338608810469E-002 ,   1.0907853744502352      ,   230.34905223750195     
           2 ,         171 ,   7.1005299649186324E-002 ,  0.55117240633516940      ,   230.90022464383713     
           2 ,         172 ,   7.2086791137326300E-002 ,  0.73886968172195422      ,   231.63909432555909     
           2 ,         173 ,   7.1881966819304491E-002 ,  0.73565346033347667      ,   232.37474778589257     
           2 ,         174 ,   7.2834396274493937E-002 ,   1.0044562850206402      ,   233.37920407091320     
           2 ,         175 ,   7.3457530690234987E-002 ,   1.0168725337937146      ,   234.39607660470691     
           2 ,         176 ,   7.4126345342167346E-002 ,   1.0272265012753932      ,   235.42330310598228     
           2 ,         177 ,   7.4794527357528146E-002 ,   1.0480607959575678      ,   236.47136390193987     
           2 ,         178 ,   7.5501028549778137E-002 ,   1.0684869167576323      ,   237.53985081869749     
           2 ,         179 ,   7.6043407727732534E-002 ,   1.0976348690125952      ,   238.63748568771010     
           2 ,         180 ,   7.7235456208644374E-002 ,  0.61065968769622636      ,   239.24814537540632     
           2 ,         181 ,   8.4683215906216830E-002 ,  0.72372969244892382      ,   239.97187506785525     
           2 ,         182 ,   9.6134157839210088E-002 ,  0.55252594810081934      ,   240.52440101595607     
           2 ,         183 ,   9.9680964330075117E-002 ,  0.75999811397047390      ,   241.28439912992656     
           2 ,         184 ,  0.10116978463965040      ,  0.89548919518198633      ,   242.17988832510855     
           2 ,         185 ,   9.9720962243616262E-002 ,   1.0291393572846057      ,   243.20902768239316     
           2 ,         186 ,   9.2584320501026246E-002 ,   1.0522959330026633      ,   244.26132361539581     
           2 ,         187 ,   7.8803778462844240E-002 ,  0.90942399162303378      ,   245.17074760701885     
           2 ,         188 ,   6.1983889651931183E-002 ,  0.69159587487656449      ,   245.86234348189541     
           2 ,         189 ,   4.0014124695940553E-002 ,  0.91712262037789027      ,   246.77946610227329     
           2 ,         190 ,   1.0451031664819293E-002 ,  0.75892363250977368      ,   247.53838973478307     
           2 ,         191 ,   3.2613216132576779E-003 ,  0.71819299130375980      ,   248.25658272608683     
           2 ,         192 ,   2.1753491086451096E-002 ,  0.66300896406218324      ,   248.91959169014902     
           2 ,         193 ,   3.6405963700463194E-002 ,  0.80699590552736933      ,   249.72658759567639     
           2 ,         194 ,   4.6508538811459332E-002 ,  0.53065614179211340      ,   250.25724373746851     
           2 ,         195 ,   5.3428235431452281E-002 ,  0.68651873503656546      ,   250.94376247250509     
           2 ,         196 ,   6.0152342080726943E-002 ,  0.69979321596457833      ,   251.64355568846966     
           2 ,         197 ,   6.4280476028722139E-002 ,  0.37252229785870083      ,   252.01607798632836     
           2 ,         198 ,   6.6590109489942734E-002 ,  0.72217972455755519      ,   252.73825771088590     
           2 ,         199 ,   6.8393670355407180E-002 ,  0.75388715239905291      ,   253.49214486328495     
           2 ,         200 ,   6.9273806936310606E-002 ,  0.76669093643933039      ,   254.25883579972427     
           2 ,         201 ,   7.0057538804826361E-002 ,  0.77751250458056709      ,   255.03634830430482     
           2 ,         202 ,   7.0121066955846703E-002 ,  0.70692219425915437      ,   255.74327049856399     
           2 ,         203 ,   6.8594329968046819E-002 ,  0.61079059020835191      ,   256.35406108877231     
           2 ,         204 ,   6.8594910170545753E-002 ,  0.37456971831398927      ,   256.72863080708629     
           2 ,         205 ,   6.6559483042234344E-002 ,  0.71264542044944867      ,   257.44127622753575     
           2 ,         206 ,   6.5356635803879806E-002 ,  0.69411615904395374      ,   258.13539238657972     
           2 ,         207 ,   6.4845076914373537E-002 ,  0.68708654604307395      ,   258.82247893262280     
           2 ,         208 ,   6.3344879197613654E-002 ,  0.53797079710955320      ,   259.36044972973235     
           2 ,         209 ,   6.3632237938164651E-002 ,  0.71977261449961127      ,   260.08022234423197     
           2 ,         210 ,   6.4381326898020383E-002 ,  0.72546092356107272      ,   260.80568326779303     
           2 ,         211 ,   6.5914166049047471E-002 ,  0.90681277056907983      ,   261.71249603836213     
           2 ,         212 ,   6.8667808675072800E-002 ,  0.73338691450135274      ,   262.44588295286349     
           2 ,         213 ,   7.0924779903367832E-002 ,  0.77358068787281420      ,   263.21946364073631     
           2 ,         214 ,   7.2302249697230092E-002 ,  0.87238125788178111      ,   264.09184489861809     
           2 ,         215 ,   7.2513806989405349E-002 ,  0.65933657405008228      ,   264.75118147266818     
           2 ,         216 ,   7.2892574392550535E-002 ,  0.82033429995044105      ,   265.57151577261862     
           2 ,         217 ,   7.3389199878616321E-002 ,  0.83569522917337180      ,   266.40721100179201     
           2 ,         218 ,   7.4664122522814999E-002 ,  0.86974094204896391      ,   267.27695194384097     
           2 ,         219 ,   7.6690631503613924E-002 ,  0.71020274645185699      ,   267.98715469029281     
           2 ,         220 ,   7.9475245381247436E-002 ,  0.58722732892136009      ,   268.57438201921417     
           2 ,         221 ,   8.2146489877837348E-002 ,   1.0771389807847600      ,   269.65152099999892     
           2 ,         222 ,   8.4964015020915440E-002 ,  0.58868268953927005      ,   270.24020368953819     
           2 ,         223 ,   8.8778757585733892E-002 ,  0.66356727086349621      ,   270.90377096040169     
           2 ,         224 ,   9.4559328713278767E-002 ,  0.80076529871437430      ,   271.70453625911608     
           2 ,         225 ,   9.8062460484737810E-002 ,  0.90903850002680642      ,   272.61357475914286     
           2 ,         226 ,   9.9105982483786242E-002 ,  0.95805667235582948      ,   273.57163143149870     
           2 ,         227 ,   9.6946370946051824E-002 ,  0.93839868494205669      ,   274.51003011644076     
           2 ,         228 ,   9.3655712799008389E-002 ,  0.91291573298470685      ,   275.42294584942545     
           2 ,         229 ,  0.10594722798287658      ,   1.3722864280958065      ,   276.79523227752128     
           2 ,         230 ,  0.10329241042319481      ,   1.4565213147683380      ,   278.25175359228962     
           2 ,         231 ,   8.7617448443085222E-002 ,   1.8829032448185885      ,   280.13465683710820     
           2 ,         232 ,   6.7370651128752942E-002 ,  0.84465657121179505      ,   280.97931340831997     
           2 ,         233 ,   5.2665037476469383E-002 ,  0.57635554583021620      ,   281.55566895415018     
           2 ,         234 ,   3.5927399650758161E-002 ,  0.63636412972422729      ,   282.19203308387438     
           2 ,         235 ,   2.7992599854384934E-002 ,  0.50332505753651846      ,   282.69535814141091     
           2 ,         236 ,   9.5691103094397729E-003 ,  0.99299043004270704      ,   283.68834857145362     
           2 ,         237 ,   2.3924864660037058E-003 ,  0.81802622230557276      ,   284.50637479375916     
           2 ,         238 ,   2.0085141874386602E-002 ,  0.94899070866307511      ,   285.45536550242224     
           2 ,         239 ,   4.1634092419677970E-002 ,  0.72537201635676329      ,   286.18073751877898     
           2 ,         240 ,   5.3266658834124389E-002 ,  0.55547846480638374      ,   286.73621598358534     
           2 ,         241 ,   6.2752397047381545E-002 ,  0.76618131436919712      ,   287.50239729795453     
           2 ,         242 ,   7.1206578837921891E-002 ,  0.77033723619730265      ,   288.27273453415182     
           2 ,         243 ,   7.6620505961061083E-002 ,  0.80856904666657070      ,   289.08130358081837     
           2 ,         244 ,   8.0679786800058148E-002 ,  0.78516940044952688      ,   289.86647298126792     
           2 ,         245 ,   8.2349929734763586E-002 ,  0.40101956775766323      ,   290.26749254902558     
           2 ,         246 ,   8.4190164650986318E-002 ,  0.74368560702476627      ,   291.01117815605033     
           2 ,         247 ,   8.4880239137486213E-002 ,  0.37409039281927803      ,   291.38526854886959     
           2 ,         248 ,   8.5011574665800171E-002 ,  0.74253780105777556      ,   292.12780634992737     
           2 ,         249 ,   8.6642456781946250E-002 ,  0.75644542409648463      ,   292.88425177402388     
           2 ,         250 ,   8.9242639542065669E-002 ,  0.78472519051938683      ,   293.66897696454328     
           2 ,         251 ,   9.1078339882914625E-002 ,  0.71661445141813063      ,   294.38559141596141     
           2 ,         252 ,   9.2977202839211556E-002 ,  0.73585282599271040      ,   295.12144424195412     
           2 ,         253 ,   9.4317864361477807E-002 ,  0.37472130222608713      ,   295.49616554418020     
           2 ,         254 ,   9.3800126829376093E-002 ,  0.73930709622776303      ,   296.23547264040798     
           2 ,         255 ,   9.6423918318456162E-002 ,  0.76706723160666734      ,   297.00253987201467     
           2 ,         256 ,   9.7714614178926892E-002 ,  0.38984284805505087      ,   297.39238272006969     
           2 ,         257 ,  0.10093744037233897      ,  0.71700430347817856      ,   298.10938702354787     
           2 ,         258 ,  0.10487313896189963      ,  0.76276968982162552      ,   298.87215671336952     
           2 ,         259 ,  0.10658110219418335      ,  0.78402547080578078      ,   299.65618218417529     
           2 ,         260 ,  0.10722995497449542      ,  0.79274168058145211      ,   300.44892386475675     
           2 ,         261 ,  0.10793087135497857      ,  0.80246040958770704      ,   301.25138427434445     
           2 ,         262 ,  0.10834087256514147      ,  0.80863718574052323      ,   302.06002146008495     
           2 ,         263 ,  0.10847397538238325      ,  0.81134170938226169      ,   302.87136316946720     
           2 ,         264 ,  0.10899395340811643      ,  0.81840818387181913      ,   303.68977135333904     
           2 ,         265 ,  0.10877464386449329      ,  0.81680662262502268      ,   304.50657797596403     
           2 ,         266 ,  0.10794339737104770      ,  0.80740512300399681      ,   305.31398309896804     
           2 ,         267 ,  0.10681940331032036      ,  0.79426301342065242      ,   306.10824611238871     
           2 ,         268 ,  0.10493347540953443      ,  0.77096917709426693      ,   306.87921528948300     
           2 ,         269 ,  0.10409648935736024      ,  0.76029556321520686      ,   307.63951085269821     
           2 ,         270 ,  0.10282900904154997      ,  0.74424418825772842      ,   308.38375504095592     
           2 ,         271 ,  0.10118273614325360      ,  0.82694435635919594      ,   309.21069939731512     
           2 ,         272 ,  0.10049604830554125      ,  0.81500545683029790      ,   310.02570485414543     
           2 ,         273 ,  0.10036409799071704      ,  0.81085792464882167      ,   310.83656277879425     
           2 ,         274 ,  0.10174188196545704      ,  0.82517038563826139      ,   311.66173316443252     
           2 ,         275 ,  0.10218088345431987      ,  0.41431788254558916      ,   312.07605104697814     
           2 ,         276 ,  0.10420935906322802      ,  0.74574103170154238      ,   312.82179207867966     
           2 ,         277 ,  0.10638015976532635      ,  0.76916674535139462      ,   313.59095882403108     
           2 ,         278 ,  0.10768542237543627      ,  0.78312229041740800      ,   314.37408111444847     
           2 ,         279 ,  0.10887028279230712      ,  0.79624993720820125      ,   315.17033105165666     
           2 ,         280 ,  0.11068756183416995      ,  0.40933348040705464      ,   315.57966453206370     
           2 ,         281 ,  0.11047094421458194      ,  0.81560220995857624      ,   316.39526674202227     
           2 ,         282 ,  0.11081601709414815      ,  0.82025148822344773      ,   317.21551823024572     
           2 ,         283 ,  0.11058323471070949      ,  0.81824252898695082      ,   318.03376075923268     
           2 ,         284 ,  0.10972929599875302      ,  0.80834109592580017      ,   318.84210185515849     
           2 ,         285 ,  0.10827095999085391      ,  0.79067701400433066      ,   319.63277886916285     
           2 ,         286 ,  0.10644771036104775      ,  0.76861137612800146      ,   320.40139024529083     
           2 ,         287 ,  0.10444197398849032      ,  0.74394104842630182      ,   321.14533129371711     
           2 ,         288 ,  0.10353606257841630      ,  0.41802650860608526      ,   321.56335780232320     
           2 ,         289 ,  0.10341528523055850      ,  0.83238309615164818      ,   322.39574089847486     
           2 ,         290 ,  0.10664113939933770      ,  0.76356094641926031      ,   323.15930184489412     
           2 ,         291 ,  0.11018415015464840      ,  0.80638475753326277      ,   323.96568660242735     
           2 ,         292 ,  0.11284928861668013      ,  0.83959938632780240      ,   324.80528598875514     
           2 ,         293 ,  0.11376710436070250      ,  0.85328223885781773      ,   325.65856822761299     
           2 ,         294 ,  0.11466008245259182      ,  0.86888633883197619      ,   326.52745456644499     
           2 ,         295 ,  0.11606306837703637      ,  0.89541859614084385      ,   327.42287316258586     
           2 ,         296 ,  0.11746538056790226      ,  0.92282464636430406      ,   328.34569780895015     
           2 ,         297 ,  0.11855244878119503      ,  0.94410395684774739      ,   329.28980176579790     
           2 ,         298 ,  0.11927125186608413      ,  0.95917523935399129      ,   330.24897700515191     
           2 ,         299 ,  0.11942861801423037      ,  0.48285808200477587      ,   330.73183508715670     
           2 ,         300 ,  0.11900639570697243      ,  0.96450604896141723      ,   331.69634113611812     
           2 ,         301 ,  0.11812577692366207      ,  0.95944442974952504      ,   332.65578556586763     
           2 ,         302 ,  0.11446781390818776      ,  0.91792594610540112      ,   333.57371151197304     
           2 ,         303 ,  0.10992116909997435      ,  0.98800655069857157      ,   334.56171806267162     
           2 ,         304 ,  0.10571898958236096      ,  0.92943075712984935      ,   335.49114881980148     
           2 ,         305 ,  0.10387068918267912      ,  0.90738243525776463      ,   336.39853125505925     
           2 ,         306 ,  0.10796565373953641      ,   1.0059600229704380      ,   337.40449127802970     
           2 ,         307 ,  0.11373393557814154      ,  0.58235819228053898      ,   337.98684947031023     
           2 ,         308 ,  0.11512270606830063      ,  0.68861060550918296      ,   338.67546007581939     
           2 ,         309 ,  0.11784118222976336      ,  0.75798596001963725      ,   339.43344603583904     
           2 ,         310 ,  0.11765241028541666      ,  0.90198220719225386      ,   340.33542824303129     
           2 ,         311 ,  0.10920522149291526      ,  0.81805134946202895      ,   341.15347959249334     
           2 ,         312 ,  0.10065932255970871      ,  0.73969924579318980      ,   341.89317883828653     
           2 ,         313 ,   9.3096907866497797E-002 ,  0.67381869664442429      ,   342.56699753493098     
           2 ,         314 ,   8.6505506624138973E-002 ,  0.61754645024014476      ,   343.18454398517110     
           2 ,         315 ,   7.8412677670173958E-002 ,  0.98117905602259214      ,   344.16572304119370     
           2 ,         316 ,   6.9182503277766330E-002 ,  0.77890283094705604      ,   344.94462587214076     
           2 ,         317 ,   6.1912782164881087E-002 ,  0.61780144053416453      ,   345.56242731267491     
           2 ,         318 ,   5.6519619389285312E-002 ,  0.55815975314170241      ,   346.12058706581661     
           2 ,         319 ,   4.8493716672370339E-002 ,  0.94028262164839660      ,   347.06086968746501     
           2 ,         320 ,   4.1445585504182460E-002 ,  0.79088263981917084      ,   347.85175232728420     
           2 ,         321 ,   4.0554153640137924E-002 ,  0.76464848040586497      ,   348.61640080769007     
           2 ,         322 ,   4.3114977478112222E-002 ,  0.66486285087424246      ,   349.28126365856428     
           2 ,         323 ,   4.7747607481202110E-002 ,  0.60915744732817034      ,   349.89042110589247     
           2 ,         324 ,   6.4094301464929004E-002 ,   1.0146354488688301      ,   350.90505655476130     
           2 ,         325 ,   8.6001157555802829E-002 ,  0.64485312736296807      ,   351.54990968212428     
           2 ,         326 ,   9.6048001119615770E-002 ,  0.62119276362186782      ,   352.17110244574616     
           2 ,         327 ,  0.10214106925907164      ,   1.1223296324755434      ,   353.29343207822171     
           2 ,         328 ,   9.6278096241083341E-002 ,  0.88710200863186106      ,   354.18053408685358     
           2 ,         329 ,   8.2535253293875788E-002 ,  0.70920112599881857      ,   354.88973521285243     
           2 ,         330 ,   6.9378392002584693E-002 ,  0.57935020944246041      ,   355.46908542229488     
           2 ,         331 ,   5.7956959894610777E-002 ,  0.90657065705893358      ,   356.37565607935380     
           2 ,         332 ,   5.3790883451395863E-002 ,  0.70327564851863222      ,   357.07893172787243     
           2 ,         333 ,   5.8066029963960215E-002 ,   1.0371395335011555      ,   358.11607126137358     
           2 ,         334 ,   6.6154670854831038E-002 ,  0.47197372178643976      ,   358.58804498315999     
           2 ,         335 ,   7.5743990703708464E-002 ,  0.87846582739174561      ,   359.46651081055171     
           2 ,         336 ,   9.2068987557654608E-002 ,  0.87927307028566970      ,   360.34578388083736     
           2 ,         337 ,  0.10475535589177663      ,  0.85129951545101312      ,   361.19708339628835     
           2 ,         338 ,  0.11338863843221618      ,  0.45043813187732795      ,   361.64752152816567     
           2 ,         339 ,  0.11898048092471222      ,  0.84852221423003293      ,   362.49604374239573     
           2 ,         340 ,  0.12268822003162050      ,  0.88987620642550813      ,   363.38591994882125     
           2 ,         341 ,  0.12350796891169641      ,  0.89848578702990944      ,   364.28440573585118     
           2 ,         342 ,  0.12434018579899089      ,  0.90670712169970114      ,   365.19111285755088     
           2 ,         343 ,  0.12427378099629416      ,  0.90429275785649643      ,   366.09540561540740     
           2 ,         344 ,  0.12470449720223735      ,  0.90947482810779190      ,   367.00488044351522     
           2 ,         345 ,  0.12493491695224060      ,  0.91123367358338325      ,   367.91611411709863     
           2 ,         346 ,  0.12492589372807976      ,  0.45535448334785844      ,   368.37146860044646     
           2 ,         347 ,  0.12409505323431118      ,  0.89982255818143642      ,   369.27129115862789     
           2 ,         348 ,  0.12323550121038883      ,  0.88776604517900437      ,   370.15905720380687     
           2 ,         349 ,  0.12302409018430270      ,  0.88342000659016162      ,   371.04247721039701     
           2 ,         350 ,  0.12432684625928619      ,  0.89802112336451800      ,   371.94049833376152     
           2 ,         351 ,  0.12488477661743277      ,  0.90385789711643105      ,   372.84435623087796     
           2 ,         352 ,  0.12524213364548739      ,  0.90582898365045106      ,   373.75018521452841     
           2 ,         353 ,  0.12494728021147458      ,  0.90063293201081951      ,   374.65081814653922     
           2 ,         354 ,  0.12565839930912892      ,  0.45382970208248752      ,   375.10464784862171     
           2 ,         355 ,  0.12573660684203486      ,  0.90680690221060867      ,   376.01145475083234     
           2 ,         356 ,  0.12620371070343853      ,  0.90975040662255080      ,   376.92120515745489     
           2 ,         357 ,  0.12696517495289361      ,  0.91620576166381640      ,   377.83741091911872     
           2 ,         358 ,  0.12717196287307231      ,  0.91716347371167783      ,   378.75457439283042     
           2 ,         359 ,  0.12735099027869071      ,  0.45980198308196296      ,   379.21437637591237     
           2 ,         360 ,  0.12715104632262278      ,  0.91766388358067175      ,   380.13204025949301     
           2 ,         361 ,  0.12730736406159210      ,  0.92002412510268461      ,   381.05206438459567     
           2 ,         362 ,  0.12747715239566226      ,  0.92195031918221404      ,   381.97401470377787     
           2 ,         363 ,  0.12776706480229272      ,  0.92543185515783999      ,   382.89944655893572     
           2 ,         364 ,  0.12814220548646571      ,  0.93027568165445484      ,   383.82972224059017     
           2 ,         365 ,  0.12846922081895462      ,  0.93398286861794588      ,   384.76370510920810     
           2 ,         366 ,  0.12876271612665779      ,  0.93667658180815228      ,   385.70038169101628     
           2 ,         367 ,  0.12894353214734786      ,  0.93712877633955760      ,   386.63751046735581     
           2 ,         368 ,  0.12912186287720281      ,  0.93758466206248881      ,   387.57509512941829     
           2 ,         369 ,  0.12943882609329099      ,  0.94075744249503612      ,   388.51585257191334     
           2 ,         370 ,  0.13126024546175860      ,  0.97262137786200586      ,   389.48847394977537     
           2 ,         371 ,  0.13280037758326216      ,   1.0002427139158443      ,   390.48871666369121     
           2 ,         372 ,  0.13425043380145738      ,   1.0269602110651963      ,   391.51567687475642     
           2 ,         373 ,  0.13539118895300553      ,   1.0478891570969480      ,   392.56356603185338     
           2 ,         374 ,  0.13662787206014265      ,   1.0712834645004483      ,   393.63484949635381     
           2 ,         375 ,  0.13774815290202000      ,   1.0924321093501053      ,   394.72728160570392     
           2 ,         376 ,  0.13862583558055308      ,   1.1090234635176919      ,   395.83630506922162     
           2 ,         377 ,  0.13855702383057467      ,  0.55635060666691660      ,   396.39265567588853     
           2 ,         378 ,  0.13749553311425641      ,   1.1060531957427147      ,   397.49870887163127     
           2 ,         379 ,  0.13490861476739655      ,   1.0796626847325022      ,   398.57837155636378     
           2 ,         380 ,  0.13076697647731311      ,   1.0303827171873672      ,   399.60875427355114     
           2 ,         381 ,  0.12543157803975719      ,  0.96342724902234322      ,   400.57218152257349     
           2 ,         382 ,  0.11927417530195537      ,  0.88645066345104806      ,   401.45863218602454     
           2 ,         383 ,  0.11146560430241748      ,  0.96125358739604305      ,   402.41988577342056     
           2 ,         384 ,   9.9684928437557246E-002 ,  0.56804601663916521      ,   402.98793179005975     
           2 ,         385 ,   9.3614182130170212E-002 ,  0.93751341678026234      ,   403.92544520683998     
           2 ,         386 ,   9.6719766934228082E-002 ,  0.48512529378555247      ,   404.41057050062551     
           2 ,         387 ,  0.10176245654014777      ,  0.93993521772340682      ,   405.35050571834893     
           2 ,         388 ,  0.10713546250260793      ,  0.50200855291638724      ,   405.85251427126531     
           2 ,         389 ,  0.11134881947330215      ,  0.94906622986627676      ,   406.80158050113158     
           2 ,         390 ,  0.11462846803102199      ,  0.49237365538483913      ,   407.29395415651641     
           2 ,         391 ,  0.11881245855363355      ,  0.92029108858974173      ,   408.21424524510616     
           2 ,         392 ,  0.12284532718774417      ,  0.96532834490602792      ,   409.17957359001218     
           2 ,         393 ,  0.12572176203322025      ,  0.99648433890622634      ,   410.17605792891840     
           2 ,         394 ,  0.12994565337074551      ,  0.91701828845082756      ,   411.09307621736923     
           2 ,         395 ,  0.13056489725650974      ,  0.92147949050842093      ,   412.01455570787766     
           2 ,         396 ,  0.13321130328914851      ,  0.95074629883493245      ,   412.96530200671259     
           2 ,         397 ,  0.13539340087489407      ,  0.97485215142417325      ,   413.94015415813675     
           2 ,         398 ,  0.13572301995083871      ,  0.97860997717241682      ,   414.91876413530917     
           2 ,         399 ,  0.13594481372110595      ,  0.98043711855020033      ,   415.89920125385936     
           2 ,         400 ,  0.13615049653883246      ,  0.98194758077399946      ,   416.88114883463334     
           2 ,         401 ,  0.13626588670418194      ,  0.98163997060427954      ,   417.86278880523764     
           2 ,         402 ,  0.13661361436609812      ,  0.98537188329543368      ,   418.84816068853308     
           2 ,         403 ,  0.13681955325278447      ,  0.98626540293584375      ,   419.83442609146891     
           2 ,         404 ,  0.13679816812014681      ,  0.98291599329397938      ,   420.81734208476291     
           2 ,         405 ,  0.13699280348633958      ,  0.98353730099257319      ,   421.80087938575548     
           2 ,         406 ,  0.13722897871795769      ,  0.98491663792317863      ,   422.78579602367864     
           2 ,         407 ,  0.13745642441727668      ,  0.98613635722326254      ,   423.77193238090189     
           2 ,         408 ,  0.13770286930722048      ,  0.98771563622453484      ,   424.75964801712644     
           2 ,         409 ,  0.13795267617791571      ,  0.98936193664794980      ,   425.74900995377436     
           2 ,         410 ,  0.13819103401504090      ,  0.99087031293786154      ,   426.73988026671225     
           2 ,         411 ,  0.13843036005487394      ,  0.99305489650724588      ,   427.73293516321951     
           2 ,         412 ,  0.13865226519179444      ,  0.99587154516620302      ,   428.72880670838572     
           2 ,         413 ,  0.13891384590189854      ,  0.99945567527051349      ,   429.72826238365622     
           2 ,         414 ,  0.13913925508013583      ,   1.0023530745160243      ,   430.73061545817222     
           2 ,         415 ,  0.13937312649865147      ,   1.0052593814630659      ,   431.73587483963530     
           2 ,         416 ,  0.13960534083784543      ,   1.0075345593852250      ,   432.74340939902055     
           2 ,         417 ,  0.13984776417128530      ,   1.0094896508083442      ,   433.75289904982890     
           2 ,         418 ,  0.14006018344514257      ,   1.0106288287271528      ,   434.76352787855603     
           2 ,         419 ,  0.14030999969355359      ,   1.0124900032971069      ,   435.77601788185314     
           2 ,         420 ,  0.14055182907066457      ,   1.0142035217693017      ,   436.79022140362241     
           2 ,         421 ,  0.14076270984302075      ,   1.0153166492411592      ,   437.80553805286360     
           2 ,         422 ,  0.14095059956788392      ,   1.0159841141105923      ,   438.82152216697420     
           2 ,         423 ,  0.14114876556135622      ,   1.0168378425127953      ,   439.83836000948702     
           2 ,         424 ,  0.14162425872243117      ,   1.0228381049051276      ,   440.86119811439215     
           2 ,         425 ,  0.14183283449874509      ,   1.0238751451987480      ,   441.88507325959091     
           2 ,         426 ,  0.14227216719870428      ,   1.0292051964484079      ,   442.91427845603931     
           2 ,         427 ,  0.14288056816247444      ,   1.0378332567929625      ,   443.95211171283228     
           2 ,         428 ,  0.14409332449930995      ,   1.0581537477294876      ,   445.01026546056175     
           2 ,         429 ,  0.14588831053417464      ,   1.0906070783057871      ,   446.10087253886752     
           2 ,         430 ,  0.14778120721699947      ,   1.1261640763714480      ,   447.22703661523894     
           2 ,         431 ,  0.14966952641103887      ,   1.1628842683926695      ,   448.38992088363159     
           2 ,         432 ,  0.15098625026549406      ,  0.59455252478399334      ,   448.98447340841557     
           2 ,         433 ,  0.15164006590019610      ,  0.60098030193542173      ,   449.58545371035098     
           2 ,         434 ,  0.15201393308145464      ,  0.60432924227206231      ,   450.18978295262303     
           2 ,         435 ,  0.15262888195498039      ,  0.61040964953514198      ,   450.80019260215818     
           2 ,         436 ,  0.15328033149083373      ,  0.61678939116825937      ,   451.41698199332643     
           2 ,         437 ,  0.15386484848162313      ,  0.62258283410461057      ,   452.03956482743104     
           2 ,         438 ,  0.15430864918071280      ,  0.62763783912799331      ,   452.66720266655904     
           2 ,         439 ,  0.15516598418096064      ,  0.63834946036424256      ,   453.30555212692326     
           2 ,         440 ,  0.15496322261365675      ,  0.64080620658285214      ,   453.94635833350611     
           2 ,         441 ,  0.15501219801552468      ,  0.64579407845997949      ,   454.59215241196608     
           2 ,         442 ,  0.15421755105487026      ,  0.64243363251546315      ,   455.23458604448155     
           2 ,         443 ,  0.15270132771158945      ,  0.63583185866610425      ,   455.87041790314765     
           2 ,         444 ,  0.15038058373469440      ,  0.62211579546922069      ,   456.49253369861685     
           2 ,         445 ,  0.14401347848774088      ,   1.1637224635104384      ,   457.65625616212731     
           2 ,         446 ,  0.13001673566330391      ,   1.0534601391890157      ,   458.70971630131635     
           2 ,         447 ,  0.11783475611466504      ,   1.0168254115104522      ,   459.72654171282682     
           2 ,         448 ,  0.11185008881590743      ,  0.54724315604403773      ,   460.27378486887085     
           2 ,         449 ,  0.10620373863335708      ,  0.90002656195048436      ,   461.17381143082133     
           2 ,         450 ,  0.10647723804334577      ,   1.0937973894137332      ,   462.26760882023507     
           2 ,         451 ,  0.11233550115764064      ,   1.1702915716095257      ,   463.43790039184461     
           2 ,         452 ,  0.11875779707774761      ,  0.57475617797741629      ,   464.01265656982201     
           2 ,         453 ,  0.12275088895484158      ,  0.60223648497264148      ,   464.61489305479466     
           2 ,         454 ,  0.12715764711697358      ,   1.1452011519143810      ,   465.76009420670903     
           2 ,         455 ,  0.13044365012192513      ,   1.0608333922952438      ,   466.82092759900428     
           2 ,         456 ,  0.12717695422143471      ,   1.1440376984355822      ,   467.96496529743985     
           2 ,         457 ,  0.12330915260728001      ,   1.0832854773786882      ,   469.04825077481854     
           2 ,         458 ,  0.12023595244884001      ,   1.1476736216108723      ,   470.19592439642940     
           2 ,         459 ,  0.12329375039394101      ,  0.59105842465652136      ,   470.78698282108593     
           2 ,         460 ,  0.12615916867475618      ,   1.0957080472680854      ,   471.88269086835402     
           2 ,         461 ,  0.13077537841566766      ,   1.1502968103668563      ,   473.03298767872087     
           2 ,         462 ,  0.13695417247787753      ,   1.0957810992543990      ,   474.12876877797527     
           2 ,         463 ,  0.13840753790994509      ,  0.55590668039555513      ,   474.68467545837080     
           2 ,         464 ,  0.13815196592623161      ,   1.1067433931360640      ,   475.79141885150688     
           2 ,         465 ,  0.13915654469637642      ,  0.55843889475076769      ,   476.34985774625767     
           2 ,         466 ,  0.13873867838234039      ,   1.1084897902768294      ,   477.45834753653452     
           2 ,         467 ,  0.13945122048527803      ,  0.55687920895350518      ,   478.01522674548801     
           2 ,         468 ,  0.13920594318317853      ,   1.1083540297265653      ,   479.12358077521458     
           2 ,         469 ,  0.13903106550502498      ,   1.1023581911764724      ,   480.22593896639103     
           2 ,         470 ,  0.13967942827737814      ,   1.1046629430688879      ,   481.33060190945992     
           2 ,         471 ,  0.14191642361714488      ,  0.56490634012868590      ,   481.89550824958860     
           2 ,         472 ,  0.14610415392632664      ,   1.0341151615102340      ,   482.92962341109882     
           2 ,         473 ,  0.14820846205813559      ,   1.0569051466581030      ,   483.98652855775691     
           2 ,         474 ,  0.14960347767040513      ,   1.0721643161913379      ,   485.05869287394825     
           2 ,         475 ,  0.15147997532052204      ,   1.0954434445803765      ,   486.15413631852863     
           2 ,         476 ,  0.15311989166638479      ,   1.1170843564806261      ,   487.27122067500926     
           2 ,         477 ,  0.15472348372217135      ,   1.1410366689577436      ,   488.41225734396698     
           2 ,         478 ,  0.15607914508279547      ,   1.1664519305838903      ,   489.57870927455087     
           2 ,         479 ,  0.15701315105179336      ,  0.59304059339650383      ,   490.17174986794737     
           2 ,         480 ,  0.15816692703604207      ,  0.60224419424807474      ,   490.77399406219547     
           2 ,         481 ,  0.15947258423157448      ,  0.61366337661727965      ,   491.38765743881277     
           2 ,         482 ,  0.16184409274529882      ,  0.63595764364157648      ,   492.02361508245434     
           2 ,         483 ,  0.16394332550734111      ,  0.65615371005499912      ,   492.67976879250932     
           2 ,         484 ,  0.16604908222804701      ,  0.67817170871695498      ,   493.35794050122627     
           2 ,         485 ,  0.16829915229176251      ,  0.70466327474873358      ,   494.06260377597499     
           2 ,         486 ,  0.17087057301158806      ,  0.73621880611281776      ,   494.79882258208784     
           2 ,         487 ,  0.17422745554207916      ,  0.78046987456686878      ,   495.57929245665468     
           2 ,         488 ,  0.17637422699316044      ,  0.81052527367721838      ,   496.38981773033191     
           2 ,         489 ,  0.17826584714114513      ,  0.83808667404652981      ,   497.22790440437842     
           2 ,         490 ,  0.18036178233249822      ,  0.87468260405024645      ,   498.10258700842866     
           2 ,         491 ,  0.18192569947704956      ,  0.90489880874084339      ,   499.00748581716948     
           2 ,         492 ,  0.18286366193156622      ,  0.93404305883324623      ,   499.94152887600274     
           2 ,         493 ,  0.17954534363855948      ,  0.91427821824823752      ,   500.85580709425096     
           2 ,         494 ,  0.17699113487612422      ,  0.90395074921322349      ,   501.75975784346417     
           2 ,         495 ,  0.17246164046460707      ,  0.99469775409030203      ,   502.75445559755445     
           2 ,         496 ,  0.16470259012499525      ,  0.91878602495234563      ,   503.67324162250679     
           2 ,         497 ,  0.15770514225603174      ,  0.85811249179002802      ,   504.53135411429685     
           2 ,         498 ,  0.15241775465370019      ,  0.81336888159906651      ,   505.34472299589589     
           2 ,         499 ,  0.14435205508253471      ,  0.83161349466760881      ,   506.17633649056353     
           2 ,         500 ,  0.13373258623538439      ,  0.73022717678902860      ,   506.90656366735254     
           2 ,         501 ,  0.12518029325715305      ,  0.72954109248650534      ,   507.63610475983904     
           2 ,         502 ,  0.11865612915587130      ,  0.67035922380675395      ,   508.30646398364581     
           2 ,         503 ,  0.10617036516589544      ,   1.1763235544887602      ,   509.48278753813457     
           2 ,         504 ,   9.4294391443211112E-002 ,   1.0248893802955248      ,   510.50767691843009     
           2 ,         505 ,   8.8774222131928940E-002 ,   1.0140597435646694      ,   511.52173666199474     
           2 ,         506 ,   9.3155486002662852E-002 ,  0.66398708696700071      ,   512.18572374896178     
           2 ,         507 ,  0.11250630437157678      ,   1.2126583181005133      ,   513.39838206706224     
           2 ,         508 ,  0.13685672268714566      ,   1.1296753487557156      ,   514.52805741581801     
           2 ,         509 ,  0.14547015550052378      ,   2.0574425072677980      ,   516.58549992308576     
           2 ,         510 ,  0.16212070502900755      ,   2.1354211695037950      ,   518.72092109258961     
           2 ,         511 ,  0.17320169144500791      ,   2.5659806246924233      ,   521.28690171728203     
           2 ,         512 ,  0.18231622035923281      ,   1.4051534224807076      ,   522.69205513976272     
           2 ,         513 ,  0.17924217964999375      ,   1.6992089975028191      ,   524.39126413726558     
           2 ,         514 ,  0.17045915346900081      ,   2.4170875977852075      ,   526.80835173505079     
           2 ,         515 ,  0.15896451422179031      ,   2.2700837385264694      ,   529.07843547357731     
           2 ,         516 ,  0.14376333308775635      ,   2.0557704453447370      ,   531.13420591892202     
           2 ,         517 ,  0.13106012200295861      ,   1.9039243283970066      ,   533.03813024731903     
           2 ,         518 ,  0.11950023104526511      ,   1.7603223331645328      ,   534.79845258048351     
           2 ,         519 ,  0.11026793909141969      ,  0.81839523066739450      ,   535.61684781115093     
           2 ,         520 ,   9.9263357358498394E-002 ,   1.3588093995615824      ,   536.97565721071248     
           2 ,         521 ,   8.6287976085574869E-002 ,   1.0126798459288422      ,   537.98833705664129     
           2 ,         522 ,   7.1745054011349979E-002 ,   1.3355044844673276      ,   539.32384154110866     
           2 ,         523 ,   5.7630864046964519E-002 ,   1.1561090451362794      ,   540.47995058624497     
           2 ,         524 ,   4.6535489713135987E-002 ,   1.1644157963934851      ,   541.64436638263851     
           2 ,         525 ,   3.8128993836500175E-002 ,  0.98693478183394401      ,   542.63130116447246     
           2 ,         526 ,   2.6830821212714167E-002 ,   1.5662545063497504      ,   544.19755567082223     
           2 ,         527 ,   8.4786174809124131E-003 ,   1.7069807993381025      ,   545.90453647016034     
           2 ,         528 ,   5.0542758980208946E-004 ,   1.5067667658901107      ,   547.41130323605046     
           2 ,         529 ,   8.7881320362785009E-002 ,   1.6613833506507909      ,   549.07268658670125     
           2 ,         530 ,  0.12679525053915952      ,   1.3866933420300545      ,   550.45937992873132     
           2 ,         531 ,  0.15249445745127943      ,   1.2019456400649775      ,   551.66132556879631     
           2 ,         532 ,  0.18524370925156905      ,   1.3581738995325954      ,   553.01949946832895     
           2 ,         533 ,  0.21439883460891951      ,   1.2481207362117130      ,   554.26762020454066     
           2 ,         534 ,  0.23476234676568897      ,   1.2942431034190256      ,   555.56186330795970     
           2 ,         535 ,  0.25464226892648156      ,   1.2021873367691289      ,   556.76405064472885     
           2 ,         536 ,  0.26731582247683855      ,   1.2818414133587137      ,   558.04589205808759     
           2 ,         537 ,  0.27823460204926043      ,   1.8845003312986086      ,   559.93039238938616     
           2 ,         538 ,  0.28836065783153569      ,   1.2681318306498859      ,   561.19852422003601     
           2 ,         539 ,  0.29558956072999903      ,   1.3089880583753493      ,   562.50751227841135     
           2 ,         540 ,  0.30331248916871367      ,   1.3503004890414094      ,   563.85781276745274     
           2 ,         541 ,  0.30900813448907760      ,   1.3794981601064193      ,   565.23731092755918     
           2 ,         542 ,  0.32092408295772773      ,   1.2916134122823710      ,   566.52892433984152     
           2 ,         543 ,  0.33329698862508500      ,   1.3621960342905868      ,   567.89112037413213     
           2 ,         544 ,  0.34220453130719092      ,   1.2376709237599117      ,   569.12879129789201     
           2 ,         545 ,  0.35135032224381718      ,   1.2866676865272251      ,   570.41545898441927     
           2 ,         546 ,  0.36037047039568720      ,   1.3377658954006755      ,   571.75322487981998     
           2 ,         547 ,  0.36615785255815847      ,   1.3693238694068088      ,   573.12254874922678     
           2 ,         548 ,  0.37038353108241723      ,   1.3930385506833978      ,   574.51558729991018     
           2 ,         549 ,  0.37130771570195770      ,   1.3949944900958977      ,   575.91058179000606     
           2 ,         550 ,  0.37181669187945920      ,   1.3945443116966783      ,   577.30512610170274     
           2 ,         551 ,  0.37332114827799512      ,   1.4011519696119543      ,   578.70627807131473     
           2 ,         552 ,  0.37430197920573560      ,   1.4066069854753935      ,   580.11288505679011     
           2 ,         553 ,  0.37459362037563165      ,   1.4070202499606626      ,   581.51990530675073     
           2 ,         554 ,  0.37494114409137241      ,   1.4095430995126037      ,   582.92944840626330     
           2 ,         555 ,  0.37541707807028241      ,   1.4145149528571799      ,   584.34396335912049     
           2 ,         556 ,  0.37577130140715942      ,   1.4182945374434932      ,   585.76225789656394     
           2 ,         557 ,  0.37615886719236497      ,   1.4224333284878743      ,   587.18469122505178     
           2 ,         558 ,  0.37655587231826609      ,   1.4266783686153193      ,   588.61136959366706     
           2 ,         559 ,  0.37717747931202067      ,   1.2281735881341986      ,   589.83954318180122     
           2 ,         560 ,  0.37703610583752212      ,   1.4259427336423156      ,   591.26548591544349     
           2 ,         561 ,  0.37733770462387001      ,   1.4207279254285834      ,   592.68621384087203     
           2 ,         562 ,  0.37767522790400671      ,   1.4163236092877638      ,   594.10253745015984     
           2 ,         563 ,  0.37817282662880913      ,   1.4189723446870344      ,   595.52150979484691     
           2 ,         564 ,  0.37850156726620754      ,   1.4214930626190547      ,   596.94300285746601     
           2 ,         565 ,  0.37876782710686024      ,   1.4233912481492224      ,   598.36639410561520     
           2 ,         566 ,  0.37906233809325385      ,   1.4255651320748819      ,   599.79195923769009     
           2 ,         567 ,  0.37947080503630382      ,   1.4288662591718113      ,   601.22082549686195     
           2 ,         568 ,  0.37986998412097228      ,   1.4315703334133201      ,   602.65239583027528     
           2 ,         569 ,  0.37993859802710356      ,   1.4290950543232992      ,   604.08149088459857     
           2 ,         570 ,  0.38020978253179982      ,   1.4284613409757698      ,   605.50995222557435     
           2 ,         571 ,  0.38049235164850120      ,   1.4283606076939113      ,   606.93831283326824     
           2 ,         572 ,  0.38080494384060160      ,   1.4294809524225349      ,   608.36779378569076     
           2 ,         573 ,  0.38105670653838580      ,   1.4300285851691859      ,   609.79782237085999     
           2 ,         574 ,  0.38143920980051615      ,   1.4328606161381823      ,   611.23068298699820     
           2 ,         575 ,  0.38183882240798495      ,   1.4372117602719503      ,   612.66789474727011     
           2 ,         576 ,  0.38207211135597602      ,   1.4399227320371151      ,   614.10781747930719     
           2 ,         577 ,  0.38310280629765198      ,   1.4478160385422054      ,   615.55563351784940     
           2 ,         578 ,  0.38339614945459449      ,   1.4466393239738080      ,   617.00227284182324     
           2 ,         579 ,  0.38597178266369081      ,   1.4678563079604148      ,   618.47012914978370     
           2 ,         580 ,  0.38907766900282675      ,   1.4974196762594900      ,   619.96754882604318     
           2 ,         581 ,  0.39222891743163613      ,   1.5293600098640598      ,   621.49690883590722     
           2 ,         582 ,  0.39465815419577727      ,   1.5543763654314640      ,   623.05128520133871     
           2 ,         583 ,  0.39711305351101722      ,   1.5796544894996305      ,   624.63093969083832     
           2 ,         584 ,  0.40073857153512993      ,   1.3870157184087404      ,   626.01795540924707     
           2 ,         585 ,  0.40312791140134041      ,   1.4090189438671041      ,   627.42697435311413     
           2 ,         586 ,  0.40553915882193886      ,   1.4311815106814512      ,   628.85815586379556     
           2 ,         587 ,  0.40788623763589910      ,   1.4528851988383074      ,   630.31104106263388     
           2 ,         588 ,  0.41030880689454746      ,   1.4757381558964973      ,   631.78677921853034     
           2 ,         589 ,  0.41480485343685286      ,   1.5201577253444432      ,   633.30693694387480     
           2 ,         590 ,  0.41936726751836068      ,   1.5663057421254201      ,   634.87324268600025     
           2 ,         591 ,  0.42565878520521788      ,   1.9058875566931914      ,   636.77913024269344     
           2 ,         592 ,  0.44190764564899154      ,   2.1371768596236338      ,   638.91630710231709     
           2 ,         593 ,  0.48300866505648721      ,   2.9449904171278121      ,   641.86129751944486     
           2 ,         594 ,  0.49811439813113234      ,   3.3682504292266353      ,   645.22954794867155     
           2 ,         595 ,  0.48424502485680426      ,   3.1691294995887436      ,   648.39867744826029     
           2 ,         596 ,  0.45666018154513660      ,   2.8464119346144603      ,   651.24508938287477     
           2 ,         597 ,  0.41813514026399295      ,   2.4653548651755508      ,   653.71044424805029     
           2 ,         598 ,  0.36726962936164120      ,   2.0180984864344946      ,   655.72854273448479     
           2 ,         599 ,  0.31132657422029081      ,   1.5811251925417193      ,   657.30966792702645     
           2 ,         600 ,  0.25893266082131927      ,   1.2150087933625893      ,   658.52467672038904     
           2 ,         601 ,  0.21626155205679518      ,  0.94634169615955965      ,   659.47101841654865     
           2 ,         602 ,  0.17874586744103177      ,  0.73247247481132183      ,   660.20349089135993     
           2 ,         603 ,  0.15029667841176339      ,  0.58101402472835795      ,   660.78450491608828     
           2 ,         604 ,  0.11846111058912473      ,  0.90507476703582534      ,   661.68957968312407     
           2 ,         605 ,   8.7160401727705797E-002 ,  0.76060127029261460      ,   662.45018095341663     
           2 ,         606 ,   6.7385928122115024E-002 ,  0.62561448724079949      ,   663.07579544065743     
           2 ,         607 ,   5.9509691682743053E-002 ,  0.53285128800317072      ,   663.60864672866057     
           2 ,         608 ,   5.4288248621787015E-002 ,  0.93498491860080102      ,   664.54363164726135     
           2 ,         609 ,   5.2754693492185895E-002 ,  0.78751264352252681      ,   665.33114429078387     
           2 ,         610 ,   5.9830370278292321E-002 ,  0.93739796476486092      ,   666.26854225554871     
           2 ,         611 ,   7.5188651019248612E-002 ,  0.64567163527551219      ,   666.91421389082427     
           2 ,         612 ,   9.4384502591894820E-002 ,  0.67136762078141310      ,   667.58558151160571     
           2 ,         613 ,  0.11452494483000912      ,  0.60920773066591027      ,   668.19478924227167     
           2 ,         614 ,  0.12570630213602879      ,  0.17784999176615227      ,   668.37263923403782     
           2 ,         615 ,  0.12879119406083001      ,   4.5521884861612079E-002 ,   668.41816111889943     
           2 ,         616 ,  0.13177790174126119      ,   4.6606509687894919E-002 ,   668.46476762858731     
           2 ,         617 ,  0.13453582068867681      ,   4.7608632063589583E-002 ,   668.51237626065085     
           2 ,         618 ,  0.13621263632665820      ,   4.8196464226173040E-002 ,   668.56057272487703     
           2 ,         619 ,  0.13789322989435188      ,   4.8780585658457970E-002 ,   668.60935331053554     
           2 ,         620 ,  0.13884672935923101      ,   4.9092167004648267E-002 ,   668.65844547754023     
           2 ,         621 ,  0.14071761932298882      ,   4.9751099804357095E-002 ,   668.70819657734455     
           2 ,         622 ,  0.14237327254865348      ,   5.0331941252942984E-002 ,   668.75852851859747     
           2 ,         623 ,  0.14389714594011674      ,   5.0830054347287969E-002 ,   668.80935857294480     
           2 ,         624 ,  0.14596037992108454      ,   5.1561304248573199E-002 ,   668.86091987719340     
           2 ,         625 ,  0.14858980719629478      ,   5.2503507926578770E-002 ,   668.91342338511993     
           2 ,         626 ,  0.15201625828729187      ,   5.3753876458495699E-002 ,   668.96717726157840     
           2 ,         627 ,  0.15320898696767085      ,   5.4165750066487675E-002 ,   669.02134301164483     
           2 ,         628 ,  0.15550557754692165      ,   5.4998577210507861E-002 ,   669.07634158885537     
           2 ,         629 ,  0.15787368900753079      ,   5.5805554399862831E-002 ,   669.13214714325522     
           2 ,         630 ,  0.15968662857816490      ,   5.6413508421384831E-002 ,   669.18856065167665     
           2 ,         631 ,  0.16142981292463271      ,   5.6994954186270631E-002 ,   669.24555560586293     
           2 ,         632 ,  0.16475911746742125      ,   5.8148408295942609E-002 ,   669.30370401415882     
           2 ,         633 ,  0.16648048945385879      ,   5.8713956455892946E-002 ,   669.36241797061473     
           2 ,         634 ,  0.16926179196870281      ,   5.9678668922659640E-002 ,   669.42209663953736     
           2 ,         635 ,  0.17167139874936774      ,   6.0498073877021122E-002 ,   669.48259471341441     
           2 ,         636 ,  0.17622921171408656      ,   6.2100761572732859E-002 ,   669.54469547498718     
           2 ,         637 ,  0.17856932438461337      ,   6.2921489312257967E-002 ,   669.60761696429938     
           2 ,         638 ,  0.18085758602916321      ,   6.3726460707940039E-002 ,   669.67134342500731     
           2 ,         639 ,  0.18374814693239036      ,   6.4705501032292334E-002 ,   669.73604892603964     
           2 ,         640 ,  0.18635132050853592      ,   6.5577608225150089E-002 ,   669.80162653426476     
           2 ,         641 ,  0.19002098231917749      ,   6.6843911700229935E-002 ,   669.86847044596493     
           2 ,         642 ,  0.19326393858436883      ,   6.7950251537880937E-002 ,   669.93642069750285     
           2 ,         643 ,  0.19625957073912864      ,   6.8948289182853825E-002 ,   670.00536898668565     
           2 ,         644 ,  0.19891165525780460      ,   6.9832571738652122E-002 ,   670.07520155842428     
           2 ,         645 ,  0.20270325314414661      ,   7.1115460302392297E-002 ,   670.14631701872668     
           2 ,         646 ,  0.20778189779418169      ,   7.2855981789191934E-002 ,   670.21917300051587     
           2 ,         647 ,  0.21007121158325753      ,   7.3569393431887953E-002 ,   670.29274239394772     
           2 ,         648 ,  0.21396473974395766      ,   7.4875125321193753E-002 ,   670.36761751926895     
           2 ,         649 ,  0.22000822030841272      ,   7.6942847149447213E-002 ,   670.44456036641839     
           2 ,         650 ,  0.22434043875699572      ,   7.8360263541084163E-002 ,   670.52292062995946     
           2 ,         651 ,  0.23021803626550683      ,   8.0326387037507468E-002 ,   670.60324701699699     
           2 ,         652 ,  0.23960419356983989      ,   8.3550696534563151E-002 ,   670.68679771353152     
           2 ,         653 ,  0.24721621140455952      ,   8.6092027581298664E-002 ,   670.77288974111286     
           2 ,         654 ,  0.25696886638797178      ,   8.9371640052356233E-002 ,   670.86226138116524     
           2 ,         655 ,  0.26956074087880094      ,   9.3634555926932719E-002 ,   670.95589593709212     
           2 ,         656 ,  0.28598052401051943      ,   9.9188619025918023E-002 ,   671.05508455611800     
           2 ,         657 ,  0.30820680830103703      ,  0.10673284797844908      ,   671.16181740409650     
           2 ,         658 ,  0.33738458882864369      ,  0.11661980626291367      ,   671.27843721035936     
           2 ,         659 ,  0.37488232745601602      ,  0.12930148510858178      ,   671.40773869546797     
           2 ,         660 ,  0.42680783468129346      ,  0.14681981261583130      ,   671.55455850808380     
           2 ,         661 ,  0.50150413730155019      ,  0.17196884416842298      ,   671.72652735225222     
           2 ,         662 ,  0.60731576733027537      ,  0.20742456338331602      ,   671.93395191563559     
           2 ,         663 ,  0.76795968548794191      ,  0.26072943272021004      ,   672.19468134835574     
