          0.99266287
          1.72811028
          2.01446049
          1.63604529
          2.80437463
          2.87479460
          1.21812732
          2.38703098
          2.36366131
          2.35759419
          2.35658600
          2.35637025
          2.35668309
          2.35670731
          2.35643949
          2.35516504
          2.35395358
          2.35491754
          2.35942897
          2.36048787
          2.36163656
          2.36318432
          3.53960527
          2.35242432
          1.76057925
          2.34162235
          2.33850504
          2.35395364
          1.77137466
          2.36064301
          2.35957886
          2.36871805
          2.95610715
          2.93897252
          2.34005359
          2.33573291
          2.33279801
          2.32995867
          2.33206848
          2.33568687
          2.33550718
          1.75219437
          2.33166674
          2.33534331
          2.33769655
          1.75334466
          2.90939507
          2.33294066
          1.74241628
          2.33135060
          2.33849927
          2.33650033
          2.33933394
          2.37765506
          2.40150398
          2.41984949
          2.43423776
          2.41764893
          2.38814434
          3.29794065
          2.19161793
          2.67230852
          3.13638426
          2.36697144
          2.38348196
          2.37856851
          2.36163477
          2.94616676
          2.36063119
          2.35690903
          2.35915121
          1.77013218
          2.35407794
          2.37024778
          2.38254472
          2.39192127
          2.40009473
          2.39757867
          2.40289218
          2.40964199
          2.42025756
          2.42800731
          2.43445922
          2.43492187
          2.44088859
          2.46975886
          2.55199298
          2.63922372
          2.67023694
          2.67516928
          2.61762803
          2.61093134
          1.22188403
          2.51006512
          3.36513230
          3.20654684
          3.08083392
          3.16896314
          2.92722245
          2.54729416
          3.67027329
          2.41329389
          3.19321501
          2.46503358
          1.55624810
          2.18182536
          2.60171194
          2.54720224
          2.56737337
          2.55534428
          2.56359333
          2.56898064
          1.92361792
          2.56600022
          2.56411921
          2.56293170
          2.55937370
          2.55494777
          2.55472113
          2.56022467
          2.56579091
          1.92239328
          2.56082078
          2.56119049
          2.56842807
          2.57169526
          2.57394010
          1.93124103
          1.28330037
          1.91200788
          2.54149835
          1.27261684
          2.53499716
          2.56319483
          1.92674056
          1.28855835
          2.26798124
          2.34563454
          2.57838182
          1.77795941
          2.27340382
          1.70747558
          1.70224333
          2.26956296
          2.27649405
          2.29099407
          1.14386576
          2.26937039
          2.57470806
          2.26382949
          2.27106850
          2.27186177
          2.27076993
          2.26877818
          2.28292716
          1.13603231
          2.26218506
          2.26389264
          2.26435339
          2.29033616
          2.29003198
          2.31142334
          2.32759865
          1.17271500
          2.34018304
          2.33950318
          1.83245251
          1.97640767
          2.63495924
          1.31961008
          1.74245301
          1.73981172
          2.34446329
          2.35330985
          2.35582241
          2.38213064
          2.40583181
          2.45383437
          1.34409961
          1.45287406
          0.97706594
          1.29613192
          1.50472954
          1.75443244
          1.93218795
          1.96186124
          1.89680414
          3.89639525
         12.34490734
         37.43660485
          5.18130738
          3.76831953
          1.93967702
          2.18439153
          1.97772593
          0.98519480
          1.84367550
          1.87386954
          1.88148255
          1.88669382
          1.71384690
          1.51374611
          0.92830287
          1.82017221
          1.80547462
          1.80128883
          1.44376367
          1.92294580
          1.91559203
          2.33877147
          1.81563644
          1.85419986
          2.05117841
          1.54573622
          1.91318296
          1.93581875
          1.98028123
          1.57430529
          1.25609736
          2.22911079
          1.17786403
          1.27064671
          1.43962635
          1.57589912
          1.64338852
          1.64552603
          1.65708711
          2.20193295
          2.39716183
          3.65330830
          2.13136751
          1.86044571
          3.01112530
          3.05671000
         17.64096845
         58.12549403
          8.03222708
          2.96183333
          1.77280387
          2.07563104
          1.83911841
          1.79399413
          1.65442676
          0.82784924
          1.50167842
          0.74923642
          1.48487340
          1.48421140
          1.49483793
          1.33757880
          1.34543712
          0.67540356
          1.33989378
          1.35237638
          0.67823308
          1.20758691
          1.23645433
          1.25054374
          1.25679513
          1.26394115
          1.26885005
          1.27153163
          1.27648724
          1.27655785
          1.27158191
          1.26404668
          1.24902715
          1.24163885
          1.23040680
          1.38937279
          1.37867041
          1.37345774
          1.37877306
          0.68930741
          1.21655076
          1.22916103
          1.23629352
          1.24333735
          0.62867671
          1.25510266
          1.25832670
          1.25788715
          1.25233635
          1.24146948
          1.22749408
          1.21091141
          0.68637444
          1.36831926
          1.21721656
          1.24414817
          1.26480102
          1.27504327
          1.28824849
          1.31153832
          1.33554405
          1.35381154
          1.36713406
          0.68732164
          1.37779173
          1.38077867
          1.36324269
          1.52801426
          1.49455863
          1.48506778
          1.58395932
          0.87046045
          1.01686111
          1.09348541
          1.30330501
          1.27346227
          1.24925212
          1.23042946
          1.21359785
          2.12721265
          1.91397355
          1.69635803
          1.67883576
          3.29626303
          3.24401374
          3.20534964
          2.62151789
          2.16883675
          2.69116009
          1.27469251
          1.09947910
          1.86796593
          1.56637228
          1.46075994
          1.41959957
          2.65916314
          2.22262310
          3.03643491
          1.21284758
          1.97163087
          1.62352629
          1.38151330
          0.67532765
          1.21237345
          1.23303570
          1.23670226
          1.23966528
          1.23702496
          1.23981672
          1.23992338
          0.61964946
          1.23268278
          1.22464895
          1.22074791
          1.22792137
          1.23038089
          1.22954570
          1.22537760
          0.61397447
          1.22603256
          1.22545976
          1.22675355
          1.22603903
          0.61378665
          1.22690976
          1.22855502
          1.22948741
          1.23132996
          1.23415127
          1.23591539
          1.23665471
          1.23551674
          1.23441057
          1.23555482
          1.25967793
          1.28042754
          1.30042958
          1.31575148
          1.33295049
          1.34821016
          1.36002058
          0.68260418
          1.36752838
          1.36049619
          1.33952062
          1.30575278
          1.26344712
          1.46604068
          0.96873042
          1.70249077
          0.85268299
          1.57021550
          0.79657521
          1.44897144
          0.73021583
          1.31677677
          1.33587351
          1.34743846
          1.19967929
          1.19979808
          1.21331198
          1.22402469
          1.22575887
          1.22604390
          1.22607771
          1.22465570
          1.22618248
          1.22544705
          1.22147629
          1.22051186
          1.22012005
          1.21960964
          1.21937661
          1.21919729
          1.21894994
          1.21952534
          1.22102702
          1.22311396
          1.22467252
          1.22616245
          1.22689343
          1.22714326
          1.22666483
          1.22673581
          1.22669765
          1.22620423
          1.22537471
          1.22468257
          1.22777326
          1.22721072
          1.22978996
          1.23481909
          1.24840021
          1.27085716
          1.29548199
          1.32084553
          0.66942473
          0.67374444
          0.67583260
          0.67988207
          0.68406817
          0.68787045
          0.69146113
          0.69937628
          0.70298651
          0.70823454
          0.70817956
          0.70786166
          0.70328019
          1.37371044
          1.37742440
          1.46697227
          0.83175022
          1.44066977
          1.74634090
          1.77103022
          0.82275482
          0.83404856
          1.53104591
          1.38252553
          1.52925827
          1.49347009
          1.62268034
          0.81496371
          1.47647111
          1.49531556
          1.36018336
          0.68279616
          1.36187984
          0.68221450
          1.35826048
          0.67887155
          1.35353549
          1.34790661
          1.34445496
          0.67669460
          1.20324832
          1.21230510
          1.21834022
          1.22937296
          1.24023299
          1.25369614
          1.27048894
          0.64209208
          0.64730039
          0.65417372
          0.66800584
          0.68039446
          0.69430791
          0.71178467
          0.73246783
          0.76153255
          0.78123260
          0.79922619
          0.82443210
          0.84558035
          0.86833720
          0.86567156
          0.86824477
          0.98049988
          0.94833739
          0.92501184
          0.90719556
          0.97937154
          0.92826007
          0.99074689
          0.96043136
          1.88352940
          1.84773656
          1.94189431
          1.21171398
          1.83235878
          1.40325448
          2.40437789
          2.23920565
          2.51854761
          1.31022945
          1.61159349
          2.41057686
          2.42767537
          2.43094653
          2.46960808
          2.50421940
          1.26171932
          2.32711853
          1.99512819
          3.16447964
          3.41030003
          4.25375744
          4.40029741
          9.92378370
         34.22571387
        506.79930295
          3.21382483
          1.85920109
          1.33992253
          1.24640974
          0.98965335
          0.93720876
          0.80258414
          0.81518946
          1.15142061
          0.74761381
          0.75282757
          0.75681382
          0.75892723
          0.68419384
          0.69479573
          0.61484883
          0.62255103
          0.63107336
          0.63575055
          0.63938198
          0.63868606
          0.63760594
          0.63804538
          0.63885098
          0.63854115
          0.63909318
          0.64053437
          0.64164046
          0.64284984
          0.64408854
          0.55355773
          0.64293647
          0.64007319
          0.63751868
          0.63787052
          0.63844867
          0.63885181
          0.63933039
          0.64012109
          0.64065856
          0.63943532
          0.63869590
          0.63817657
          0.63815285
          0.63797554
          0.63859797
          0.63986684
          0.64068237
          0.64246130
          0.64144798
          0.64651247
          0.65426871
          0.66285577
          0.66955156
          0.67623378
          0.58839525
          0.59418664
          0.59994418
          0.60553767
          0.61143091
          0.62300817
          0.63493743
          0.76117514
          0.82216289
          1.03652047
          1.14954030
          1.11256076
          1.05962825
          1.00233223
          0.93412772
          0.86337404
          0.79770352
          0.74390518
          0.69663328
          0.65718275
          1.29884575
          1.48349725
          1.57828891
          1.52218431
          2.92784240
          2.53772964
          2.66349102
          1.45985034
          1.20922919
          0.90430355
          0.24051697
          0.06008734
          0.06012470
          0.06015846
          0.06015153
          0.06013855
          0.06010706
          0.06010397
          0.06009857
          0.06005060
          0.06005343
          0.06006870
          0.06011304
          0.06010207
          0.06012491
          0.06009199
          0.06005698
          0.06002077
          0.05999807
          0.05995521
          0.05993895
          0.05990906
          0.05990567
          0.05990196
          0.05990071
          0.05986420
          0.05982353
          0.05980111
          0.05977081
          0.05972299
          0.05968246
          0.05964200
          0.05960826
          0.05953599
          0.05949004
          0.05945361
          0.05937960
          0.05931545
          0.05927951
          0.05920180
          0.05912459
          0.05905116
          0.05896229
          0.05887146
          0.05876192
          0.05863507
          0.05847917
          0.05829404
          0.05806234
          0.05771658
