          0.40366597
          0.64302329
          0.68282199
          0.51328572
          0.81987071
          0.79272663
          0.32760555
          0.63516157
          0.62650060
          0.62559022
          0.62686733
          0.62848075
          0.63033792
          0.63211871
          0.63387364
          0.63520483
          0.63657023
          0.63873888
          0.64220507
          0.64410918
          0.64607281
          0.64823006
          0.97413191
          0.64984213
          0.48767102
          0.65019859
          0.65109731
          0.65722210
          0.49558064
          0.66273936
          0.66390240
          0.66866372
          0.83676180
          0.83499619
          0.66713464
          0.66783917
          0.66892914
          0.66999736
          0.67257178
          0.67538072
          0.67716860
          0.50923847
          0.67943048
          0.68256786
          0.68524936
          0.51531487
          0.85762087
          0.69022518
          0.51696768
          0.69372570
          0.69750265
          0.69925880
          0.70279395
          0.72285712
          0.73682833
          0.74657317
          0.75017238
          0.73720754
          0.71210191
          0.93173906
          0.57977295
          0.76190476
          0.95100003
          0.73341109
          0.74343053
          0.74392966
          0.74085241
          0.92731906
          0.74571624
          0.74677852
          0.74986062
          0.56396943
          0.75190107
          0.75951095
          0.76566309
          0.77092799
          0.77629004
          0.77704935
          0.78168751
          0.78585068
          0.79197523
          0.79728153
          0.80220955
          0.80406943
          0.81012458
          0.82900251
          0.87565442
          0.92451409
          0.93922286
          0.92743728
          0.85630259
          0.76405591
          0.31981683
          0.62930107
          0.93947021
          1.11785071
          1.15901875
          1.16599044
          0.93002668
          0.63144871
          0.69080884
          0.43058996
          0.66769279
          0.62333039
          0.43407541
          0.64902166
          0.85451078
          0.90268193
          0.92198870
          0.92041405
          0.92742548
          0.93286913
          0.70064173
          0.93722762
          0.93946887
          0.94200791
          0.94367359
          0.94492766
          0.94818189
          0.95341663
          0.95875303
          0.72043456
          0.96376030
          0.96809785
          0.97538755
          0.98033512
          0.98471711
          0.74025526
          0.49032223
          0.72516404
          0.96353253
          0.48518587
          0.96455076
          0.99345638
          0.74983169
          0.50248212
          0.88773570
          0.92103309
          1.01524454
          0.70246193
          0.90075411
          0.67816738
          0.67750310
          0.90562278
          0.91092439
          0.91916305
          0.45991874
          0.91433387
          1.03979656
          0.91822508
          0.92409477
          0.92740091
          0.92996834
          0.93089645
          0.94047943
          0.46843425
          0.93577945
          0.93869348
          0.94282325
          0.95793138
          0.96160801
          0.97475150
          0.98568051
          0.49716815
          0.99195347
          0.99077725
          0.76934570
          0.82450978
          1.09078537
          0.55117241
          0.73886968
          0.73565346
          1.00445629
          1.01687253
          1.02722650
          1.04806080
          1.06848692
          1.09763487
          0.61065969
          0.72372969
          0.55252595
          0.75999811
          0.89548920
          1.02913936
          1.05229593
          0.90942399
          0.69159587
          0.91712262
          0.75892363
          0.71819299
          0.66300896
          0.80699591
          0.53065614
          0.68651874
          0.69979322
          0.37252230
          0.72217972
          0.75388715
          0.76669094
          0.77751250
          0.70692219
          0.61079059
          0.37456972
          0.71264542
          0.69411616
          0.68708655
          0.53797080
          0.71977261
          0.72546092
          0.90681277
          0.73338691
          0.77358069
          0.87238126
          0.65933657
          0.82033430
          0.83569523
          0.86974094
          0.71020275
          0.58722733
          1.07713898
          0.58868269
          0.66356727
          0.80076530
          0.90903850
          0.95805667
          0.93839868
          0.91291573
          1.37228643
          1.45652131
          1.88290324
          0.84465657
          0.57635555
          0.63636413
          0.50332506
          0.99299043
          0.81802622
          0.94899071
          0.72537202
          0.55547846
          0.76618131
          0.77033724
          0.80856905
          0.78516940
          0.40101957
          0.74368561
          0.37409039
          0.74253780
          0.75644542
          0.78472519
          0.71661445
          0.73585283
          0.37472130
          0.73930710
          0.76706723
          0.38984285
          0.71700430
          0.76276969
          0.78402547
          0.79274168
          0.80246041
          0.80863719
          0.81134171
          0.81840818
          0.81680662
          0.80740512
          0.79426301
          0.77096918
          0.76029556
          0.74424419
          0.82694436
          0.81500546
          0.81085792
          0.82517039
          0.41431788
          0.74574103
          0.76916675
          0.78312229
          0.79624994
          0.40933348
          0.81560221
          0.82025149
          0.81824253
          0.80834110
          0.79067701
          0.76861138
          0.74394105
          0.41802651
          0.83238310
          0.76356095
          0.80638476
          0.83959939
          0.85328224
          0.86888634
          0.89541860
          0.92282465
          0.94410396
          0.95917524
          0.48285808
          0.96450605
          0.95944443
          0.91792595
          0.98800655
          0.92943076
          0.90738244
          1.00596002
          0.58235819
          0.68861061
          0.75798596
          0.90198221
          0.81805135
          0.73969925
          0.67381870
          0.61754645
          0.98117906
          0.77890283
          0.61780144
          0.55815975
          0.94028262
          0.79088264
          0.76464848
          0.66486285
          0.60915745
          1.01463545
          0.64485313
          0.62119276
          1.12232963
          0.88710201
          0.70920113
          0.57935021
          0.90657066
          0.70327565
          1.03713953
          0.47197372
          0.87846583
          0.87927307
          0.85129952
          0.45043813
          0.84852221
          0.88987621
          0.89848579
          0.90670712
          0.90429276
          0.90947483
          0.91123367
          0.45535448
          0.89982256
          0.88776605
          0.88342001
          0.89802112
          0.90385790
          0.90582898
          0.90063293
          0.45382970
          0.90680690
          0.90975041
          0.91620576
          0.91716347
          0.45980198
          0.91766388
          0.92002413
          0.92195032
          0.92543186
          0.93027568
          0.93398287
          0.93667658
          0.93712878
          0.93758466
          0.94075744
          0.97262138
          1.00024271
          1.02696021
          1.04788916
          1.07128346
          1.09243211
          1.10902346
          0.55635061
          1.10605320
          1.07966268
          1.03038272
          0.96342725
          0.88645066
          0.96125359
          0.56804602
          0.93751342
          0.48512529
          0.93993522
          0.50200855
          0.94906623
          0.49237366
          0.92029109
          0.96532834
          0.99648434
          0.91701829
          0.92147949
          0.95074630
          0.97485215
          0.97860998
          0.98043712
          0.98194758
          0.98163997
          0.98537188
          0.98626540
          0.98291599
          0.98353730
          0.98491664
          0.98613636
          0.98771564
          0.98936194
          0.99087031
          0.99305490
          0.99587155
          0.99945568
          1.00235307
          1.00525938
          1.00753456
          1.00948965
          1.01062883
          1.01249000
          1.01420352
          1.01531665
          1.01598411
          1.01683784
          1.02283810
          1.02387515
          1.02920520
          1.03783326
          1.05815375
          1.09060708
          1.12616408
          1.16288427
          0.59455252
          0.60098030
          0.60432924
          0.61040965
          0.61678939
          0.62258283
          0.62763784
          0.63834946
          0.64080621
          0.64579408
          0.64243363
          0.63583186
          0.62211580
          1.16372246
          1.05346014
          1.01682541
          0.54724316
          0.90002656
          1.09379739
          1.17029157
          0.57475618
          0.60223648
          1.14520115
          1.06083339
          1.14403770
          1.08328548
          1.14767362
          0.59105842
          1.09570805
          1.15029681
          1.09578110
          0.55590668
          1.10674339
          0.55843889
          1.10848979
          0.55687921
          1.10835403
          1.10235819
          1.10466294
          0.56490634
          1.03411516
          1.05690515
          1.07216432
          1.09544344
          1.11708436
          1.14103667
          1.16645193
          0.59304059
          0.60224419
          0.61366338
          0.63595764
          0.65615371
          0.67817171
          0.70466327
          0.73621881
          0.78046987
          0.81052527
          0.83808667
          0.87468260
          0.90489881
          0.93404306
          0.91427822
          0.90395075
          0.99469775
          0.91878602
          0.85811249
          0.81336888
          0.83161349
          0.73022718
          0.72954109
          0.67035922
          1.17632355
          1.02488938
          1.01405974
          0.66398709
          1.21265832
          1.12967535
          2.05744251
          2.13542117
          2.56598062
          1.40515342
          1.69920900
          2.41708760
          2.27008374
          2.05577045
          1.90392433
          1.76032233
          0.81839523
          1.35880940
          1.01267985
          1.33550448
          1.15610905
          1.16441580
          0.98693478
          1.56625451
          1.70698080
          1.50676677
          1.66138335
          1.38669334
          1.20194564
          1.35817390
          1.24812074
          1.29424310
          1.20218734
          1.28184141
          1.88450033
          1.26813183
          1.30898806
          1.35030049
          1.37949816
          1.29161341
          1.36219603
          1.23767092
          1.28666769
          1.33776590
          1.36932387
          1.39303855
          1.39499449
          1.39454431
          1.40115197
          1.40660699
          1.40702025
          1.40954310
          1.41451495
          1.41829454
          1.42243333
          1.42667837
          1.22817359
          1.42594273
          1.42072793
          1.41632361
          1.41897234
          1.42149306
          1.42339125
          1.42556513
          1.42886626
          1.43157033
          1.42909505
          1.42846134
          1.42836061
          1.42948095
          1.43002859
          1.43286062
          1.43721176
          1.43992273
          1.44781604
          1.44663932
          1.46785631
          1.49741968
          1.52936001
          1.55437637
          1.57965449
          1.38701572
          1.40901894
          1.43118151
          1.45288520
          1.47573816
          1.52015773
          1.56630574
          1.90588756
          2.13717686
          2.94499042
          3.36825043
          3.16912950
          2.84641193
          2.46535487
          2.01809849
          1.58112519
          1.21500879
          0.94634170
          0.73247247
          0.58101402
          0.90507477
          0.76060127
          0.62561449
          0.53285129
          0.93498492
          0.78751264
          0.93739796
          0.64567164
          0.67136762
          0.60920773
          0.17784999
          0.04552188
          0.04660651
          0.04760863
          0.04819646
          0.04878059
          0.04909217
          0.04975110
          0.05033194
          0.05083005
          0.05156130
          0.05250351
          0.05375388
          0.05416575
          0.05499858
          0.05580555
          0.05641351
          0.05699495
          0.05814841
          0.05871396
          0.05967867
          0.06049807
          0.06210076
          0.06292149
          0.06372646
          0.06470550
          0.06557761
          0.06684391
          0.06795025
          0.06894829
          0.06983257
          0.07111546
          0.07285598
          0.07356939
          0.07487513
          0.07694285
          0.07836026
          0.08032639
          0.08355070
          0.08609203
          0.08937164
          0.09363456
          0.09918862
          0.10673285
          0.11661981
          0.12930149
          0.14681981
          0.17196884
          0.20742456
          0.26072943
