   2  2    2    1     1122.1746010985        0.4036659687        0.9926628744        0.0691304334
   2  2    3    7     2039.7097507360        0.6430232917        1.7281102814        0.0632563562
   2  2    4   14     2641.1691212441        0.6828219931        2.0144604880        0.0576232393
   2  2    5   15     2577.6107097521        0.5132857204        1.6360452885        0.0533350593
   2  2    6   31     2731.6668604383        0.8198707140        2.8043746311        0.0497002147
   2  2    7   36     2872.8635804538        0.7927266332        2.8747945959        0.0468776197
   2  2    8   16     2788.6726767663        0.3276055491        1.2181273209        0.0457201332
   2  2    9   32     2876.4622409932        0.6351615703        2.3870309768        0.0452350506
   2  2   10   32     2915.0974269474        0.6265005992        2.3636613109        0.0450593752
   2  2   11   32     2932.8260809492        0.6255902193        2.3575941912        0.0451096875
   2  2   12   32     2940.6848246898        0.6268673272        2.3565859978        0.0452211147
   2  2   13   32     2932.7525252082        0.6284807473        2.3563702454        0.0453416551
   2  2   14   32     2918.8676621688        0.6303379203        2.3566830853        0.0454696039
   2  2   15   32     2919.6807703319        0.6321187144        2.3567073124        0.0455975933
   2  2   16   32     2911.8018750338        0.6338736419        2.3564394854        0.0457293810
   2  2   17   32     2898.1224575432        0.6352048313        2.3551650368        0.0458502142
   2  2   18   32     2892.6413430560        0.6365702332        2.3539535778        0.0459724188
   2  2   19   32     2880.2354358103        0.6387388759        2.3549175352        0.0461101534
   2  2   20   32     2848.8432818628        0.6422050750        2.3594289679        0.0462717311
   2  2   21   32     2854.5896588499        0.6441091804        2.3604878742        0.0463881056
   2  2   22   32     2872.9108872603        0.6460728108        2.3616365607        0.0465068926
   2  2   23   32     2854.6757373797        0.6482300568        2.3631843203        0.0466316185
   2  2   24   48     2860.6495844131        0.9741319097        3.5396052651        0.0467855629
   2  2   25   32     2859.7482452834        0.6498421343        2.3524243237        0.0469614099
   2  2   26   24     2860.8603417844        0.4876710155        1.7605792524        0.0470890887
   2  2   27   32     2847.0945539826        0.6501985944        2.3416223476        0.0472039230
   2  2   28   32     2840.2065528635        0.6510973072        2.3385050355        0.0473321804
   2  2   29   32     2802.5627396838        0.6572221045        2.3539536371        0.0474638735
   2  2   30   24     2800.7849236417        0.4955806424        1.7713746558        0.0475612028
   2  2   31   32     2789.2129867473        0.6627393577        2.3606430098        0.0477266958
   2  2   32   32     2775.6436686699        0.6639024009        2.3595788632        0.0478320135
   2  2   33   32     2771.5560897028        0.6686637155        2.3687180527        0.0479891777
   2  2   34   40     2769.7493408993        0.8367618011        2.9561071459        0.0481205515
   2  2   35   40     2779.6852307019        0.8349961940        2.9389725231        0.0482989725
   2  2   36   32     2781.9553096028        0.6671346402        2.3400535878        0.0484659366
   2  2   37   32     2794.7090306607        0.6678391654        2.3357329100        0.0486068667
   2  2   38   32     2785.6421651247        0.6689291438        2.3327980117        0.0487474500
   2  2   39   32     2779.3164488088        0.6699973556        2.3299586658        0.0488847944
   2  2   40   32     2746.4019028792        0.6725717768        2.3320684805        0.0490282352
   2  2   41   32     2747.2496551314        0.6753807243        2.3356868696        0.0491567276
   2  2   42   32     2731.7043503211        0.6771686043        2.3355071847        0.0492906481
   2  2   43   24     2751.0419659348        0.5092384693        1.7521943706        0.0494069272
   2  2   44   32     2754.8924996786        0.6794304791        2.3316667435        0.0495367452
   2  2   45   32     2739.1148387734        0.6825678593        2.3353433149        0.0496871425
   2  2   46   32     2726.8778817236        0.6852493559        2.3376965494        0.0498321266
   2  2   47   24     2721.2162042697        0.5153148680        1.7533446578        0.0499636664
   2  2   48   40     2733.1675566891        0.8576208689        2.9093950657        0.0501119801
   2  2   49   32     2733.9862686217        0.6902251803        2.3329406607        0.0502962988
   2  2   50   24     2738.9747287768        0.5169676771        1.7424162760        0.0504382944
   2  2   51   32     2715.5388775748        0.6937257041        2.3313506013        0.0505858577
   2  2   52   32     2709.0249101946        0.6975026487        2.3384992658        0.0507057890
   2  2   53   32     2693.5916996107        0.6992588048        2.3365003277        0.0508769442
   2  2   54   32     2703.9968898836        0.7027939545        2.3393339402        0.0510722177
   2  2   55   32     2621.5932065105        0.7228571237        2.3776550630        0.0516835738
   2  2   56   32     2581.0875431441        0.7368283300        2.4015039835        0.0521593206
   2  2   57   32     2575.5541854460        0.7465731672        2.4198494936        0.0524484844
   2  2   58   32     2564.0506750612        0.7501723801        2.4342377576        0.0523898310
   2  2   59   32     2617.2314403959        0.7372075401        2.4176489269        0.0518376678
   2  2   60   32     2682.3730813485        0.7121019057        2.3881443406        0.0506909578
   2  2   61   46     2548.1530684998        0.9317390636        3.2979406495        0.0480286511
   2  2   62   32     2503.8272320162        0.5797729462        2.1916179267        0.0449719815
   2  2   63   38     2532.6611881391        0.7619047633        2.6723085248        0.0484688832
   2  2   64   43     2494.5696117028        0.9510000278        3.1363842591        0.0515466191
   2  2   65   32     2634.2649361850        0.7334110911        2.3669714390        0.0526748584
   2  2   66   32     2598.9477276136        0.7434305302        2.3834819635        0.0530246052
   2  2   67   32     2597.6223320711        0.7439296566        2.3785685092        0.0531698125
   2  2   68   32     2633.2871661193        0.7408524082        2.3616347698        0.0533295457
   2  2   69   40     2651.1887702475        0.9273190595        2.9461667609        0.0535082543
   2  2   70   32     2649.6155249609        0.7457162437        2.3606311924        0.0537024851
   2  2   71   32     2633.0346656751        0.7467785186        2.3569090336        0.0538639151
   2  2   72   32     2641.2365449702        0.7498606179        2.3591512057        0.0540348176
   2  2   73   24     2643.1256473525        0.5639694338        1.7701321809        0.0541625110
   2  2   74   32     2649.0587549282        0.7519010744        2.3540779400        0.0542986196
   2  2   75   32     2643.3498345132        0.7595109481        2.3702477789        0.0544739931
   2  2   76   32     2626.8343188540        0.7656630913        2.3825447170        0.0546318080
   2  2   77   32     2618.2045373926        0.7709279926        2.3919212699        0.0547918363
   2  2   78   32     2602.4715081340        0.7762900441        2.4000947346        0.0549850410
   2  2   79   32     2597.9719223344        0.7770493538        2.3975786675        0.0550965822
   2  2   80   32     2579.8871702950        0.7816875146        2.4028921783        0.0553028882
   2  2   81   32     2581.9917795241        0.7858506795        2.4096419881        0.0554416864
   2  2   82   32     2570.7558245806        0.7919752275        2.4202575605        0.0556287029
   2  2   83   32     2555.4670448394        0.7972815255        2.4280073127        0.0558226734
   2  2   84   32     2554.1498744453        0.8022095519        2.4344592224        0.0560188573
   2  2   85   32     2560.5276700924        0.8040694312        2.4349218702        0.0561380654
   2  2   86   32     2541.1614338697        0.8101245757        2.4408885910        0.0564225579
   2  2   87   32     2513.4014493755        0.8290025137        2.4697588634        0.0570624240
   2  2   88   32     2389.3643605265        0.8756544246        2.5519929764        0.0583313722
   2  2   89   32     2237.9725465647        0.9245140886        2.6392237213        0.0595506147
   2  2   90   32     2191.3005462917        0.9392228577        2.6702369397        0.0597954000
   2  2   91   32     2209.7964982908        0.9274372832        2.6751692843        0.0589362098
   2  2   92   32     2389.6414292489        0.8563025869        2.6176280257        0.0556119656
   2  2   93   34     2728.7706980329        0.7640559138        2.6109313377        0.0497483421
   2  2   94   17     1613.4290030139        0.3198168296        1.2218840349        0.0444959255
   2  2   95   36     1626.6799147238        0.6293010712        2.5100651208        0.0426208791
   2  2   96   46     2292.7612201721        0.9394702102        3.3651322980        0.0474602249
   2  2   97   37     1884.4355439944        1.1178507060        3.2065468411        0.0592645701
   2  2   98   32     1864.2597904426        1.1590187498        3.0808339248        0.0639544981
   2  2   99   32     1823.4432392436        1.1659904386        3.1689631374        0.0625499149
   2  2  100   32     2238.0987321363        0.9300266768        2.9272224495        0.0540117937
   2  2  101   32     2680.9604729386        0.6314487136        2.5472941592        0.0421412976
   2  2  102   54     2684.6034045793        0.6908088357        3.6702732904        0.0319969367
   2  2  103   38     2520.3097386349        0.4305899610        2.4132938853        0.0303321091
   2  2  104   49     2255.0157821427        0.6676927913        3.1932150085        0.0355465492
   2  2  105   36     2597.1569206924        0.6233303937        2.4650335765        0.0429877175
   2  2  106   22     2514.7702817048        0.4340754068        1.5562481014        0.0474171304
   2  2  107   30     2539.3804920037        0.6490216642        2.1818253613        0.0505694383
   2  2  108   34     2528.7172207426        0.8545107757        2.6017119378        0.0558350945
   2  2  109   32     2424.3097627107        0.9026819348        2.5472022389        0.0602448940
   2  2  110   32     2360.9268178458        0.9219887045        2.5673733726        0.0610499748
   2  2  111   32     2355.6260660391        0.9204140544        2.5553442832        0.0612326058
   2  2  112   32     2333.2854354919        0.9274254799        2.5635933348        0.0615005233
   2  2  113   32     2331.0856650258        0.9328691288        2.5689806370        0.0617317817
   2  2  114   24     2327.4913374138        0.7006417337        1.9236179207        0.0619193102
   2  2  115   32     2322.2034562439        0.9372276184        2.5660002238        0.0620922374
   2  2  116   32     2318.8997432004        0.9394688744        2.5641192134        0.0622863819
   2  2  117   32     2308.6722791128        0.9420079102        2.5629316951        0.0624836569
   2  2  118   32     2302.0449530467        0.9436735884        2.5593736958        0.0626811592
   2  2  119   32     2318.9831716409        0.9449276561        2.5549477657        0.0628731842
   2  2  120   32     2309.5607872793        0.9481818934        2.5547211314        0.0630953101
   2  2  121   32     2301.8660381177        0.9534166341        2.5602246702        0.0633072674
   2  2  122   32     2283.4301153669        0.9587530345        2.5657909130        0.0635234988
   2  2  123   24     2291.7119312919        0.7204345580        1.9223932802        0.0637090631
   2  2  124   32     2283.2079722535        0.9637603011        2.5608207757        0.0639791948
   2  2  125   32     2272.2783015915        0.9680978525        2.5611904935        0.0642578658
   2  2  126   32     2259.8470847394        0.9753875548        2.5684280749        0.0645592866
   2  2  127   32     2264.5574420223        0.9803351204        2.5716952607        0.0648043231
   2  2  128   32     2272.8931188441        0.9847171106        2.5739401019        0.0650372200
   2  2  129   24     2248.0991445722        0.7402552586        1.9312410296        0.0651619306
   2  2  130   16     2287.9704116797        0.4903222286        1.2833003667        0.0649534443
   2  2  131   24     2302.0459686075        0.7251640387        1.9120078787        0.0644756164
   2  2  132   32     2323.2388522082        0.9635325339        2.5414983502        0.0644503786
   2  2  133   16     2319.7528003894        0.4851858654        1.2726168418        0.0648125928
   2  2  134   32     2347.5519947604        0.9645507607        2.5349971634        0.0646839498
   2  2  135   32     2274.3856835812        0.9934563776        2.5631948312        0.0658894838
   2  2  136   24     2259.6176987298        0.7498316909        1.9267405631        0.0661590823
   2  2  137   16     2260.1424278971        0.5024821234        1.2885583541        0.0662926601
   2  2  138   28     2578.2860905309        0.8877357009        2.2679812432        0.0665415861
   2  2  139   29     2532.3796668537        0.9210330889        2.3456345434        0.0667519267
   2  2  140   32     2237.0281139607        1.0152445409        2.5783818201        0.0669379417
   2  2  141   22     2348.6293950551        0.7024619295        1.7779594122        0.0671660597
   2  2  142   28     2522.3438154571        0.9007541117        2.2734038159        0.0673563570
   2  2  143   21     2515.2832749659        0.6781673787        1.7074755761        0.0675198263
   2  2  144   21     2518.1337136542        0.6775031004        1.7022433309        0.0676610241
   2  2  145   28     2521.1813470868        0.9056227781        2.2695629552        0.0678350305
   2  2  146   28     2499.1990606738        0.9109243854        2.2764940505        0.0680244016
   2  2  147   28     2492.6065913996        0.9191630512        2.2909940749        0.0682052042
   2  2  148   14     2481.2974293566        0.4599187425        1.1438657569        0.0683525892
   2  2  149   28     2487.5448971881        0.9143338727        2.2693703877        0.0684933404
   2  2  150   32     2200.2254050449        1.0397965565        2.5747080598        0.0686545467
   2  2  151   28     2493.5727894699        0.9182250805        2.2638294861        0.0689531896
   2  2  152   28     2499.6891158585        0.9240947694        2.2710685007        0.0691727752
   2  2  153   28     2481.8880662631        0.9274009059        2.2718617745        0.0693960151
   2  2  154   28     2500.1623965914        0.9299683431        2.2707699298        0.0696215923
   2  2  155   28     2515.5697540439        0.9308964498        2.2687781846        0.0697522559
   2  2  156   28     2510.7592676643        0.9404794338        2.2829271565        0.0700335546
   2  2  157   14     2515.1595385337        0.4684342543        1.1360323141        0.0700982025
   2  2  158   28     2525.0916366771        0.9357794474        2.2621850571        0.0703224988
   2  2  159   28     2540.5985477734        0.9386934808        2.2638926395        0.0704882771
   2  2  160   28     2499.5199251539        0.9428232453        2.2643533904        0.0707839829
   2  2  161   28     2501.7999642379        0.9579313825        2.2903361582        0.0711023727
   2  2  162   28     2469.7234740662        0.9616080099        2.2900319790        0.0713847506
   2  2  163   28     2449.5978637383        0.9747515021        2.3114233445        0.0716907856
   2  2  164   28     2434.3779680272        0.9856805134        2.3275986519        0.0719907992
   2  2  165   14     2421.8461686999        0.4971681464        1.1727150026        0.0720708652
   2  2  166   28     2418.7508765372        0.9919534705        2.3401830351        0.0720593592
   2  2  167   28     2419.5122904022        0.9907772476        2.3395031800        0.0719948293
   2  2  168   22     2360.7971686875        0.7693456981        1.8324525118        0.0713736197
   2  2  169   24     2172.2241316945        0.8245097828        1.9764076661        0.0709199147
   2  2  170   32     2189.5607997018        1.0907853745        2.6349592383        0.0703743386
   2  2  171   16     2182.5371137054        0.5511724063        1.3196100790        0.0710052996
   2  2  172   21     2412.9347387037        0.7388696817        1.7424530058        0.0720867911
   2  2  173   21     2428.9813741644        0.7356534603        1.7398117190        0.0718819668
   2  2  174   28     2394.3906140740        1.0044562850        2.3444632919        0.0728343963
   2  2  175   28     2367.2824472881        1.0168725338        2.3533098529        0.0734575307
   2  2  176   28     2325.4452748877        1.0272265013        2.3558224058        0.0741263453
   2  2  177   28     2271.3792499149        1.0480607960        2.3821306399        0.0747945274
   2  2  178   28     2237.3427528924        1.0684869168        2.4058318057        0.0755010285
   2  2  179   28     2191.5876774686        1.0976348690        2.4538343731        0.0760434077
   2  2  180   15     1999.0006217352        0.6106596877        1.3440996144        0.0772354562
   2  2  181   14     1806.8728166968        0.7237296924        1.4528740601        0.0846832159
   2  2  182    7     1095.4098130470        0.5525259481        0.9770659388        0.0961341578
   2  2  183    8      797.2953989791        0.7599981140        1.2961319169        0.0996809643
   2  2  184    8      684.2166381824        0.8954891952        1.5047295368        0.1011697846
   2  2  185    8      596.0491473121        1.0291393573        1.7544324363        0.0997209622
   2  2  186    8      587.7826100485        1.0522959330        1.9321879519        0.0925843205
   2  2  187    8      675.1009247037        0.9094239916        1.9618612406        0.0788037785
   2  2  188    8      880.4870368119        0.6915958749        1.8968041436        0.0619838897
   2  2  189   16     1286.9241002906        0.9171226204        3.8963952517        0.0400141247
   2  2  190   59     1631.3981956971        0.7589236325       12.3449073416        0.0104510317
   2  2  191  599     1869.1273470537        0.7181929913       37.4366048492        0.0032613216
   2  2  192   84     2006.1065612849        0.6630089641        5.1813073792        0.0217534911
   2  2  193   56     1527.1868402495        0.8069959055        3.7683195278        0.0364059637
   2  2  194   27     1145.4236170368        0.5306561418        1.9396770230        0.0465085388
   2  2  195   29     1800.8395971424        0.6865187350        2.1843915303        0.0534282354
   2  2  196   25     1757.3510662114        0.6997932160        1.9777259305        0.0601523421
   2  2  197   12     1666.8093396037        0.3725222979        0.9851947986        0.0642804760
   2  2  198   22     1720.3761870229        0.7221797246        1.8436754965        0.0665901095
   2  2  199   22     1644.4464076363        0.7538871524        1.8738695444        0.0683936704
   2  2  200   22     1623.6193860338        0.7666909364        1.8814825539        0.0692738069
   2  2  201   22     1598.0203479386        0.7775125046        1.8866938239        0.0700575388
   2  2  202   20     1760.6409355904        0.7069221943        1.7138468971        0.0701210670
   2  2  203   18     1024.5422256590        0.6107905902        1.5137461126        0.0685943300
   2  2  204   11     1679.0076274036        0.3745697183        0.9283028720        0.0685949102
   2  2  205   22     1754.1557578640        0.7126454204        1.8201722120        0.0665594830
   2  2  206   22     1797.6314093187        0.6941161590        1.8054746176        0.0653566358
   2  2  207   22     1837.4981330850        0.6870865460        1.8012888316        0.0648450769
   2  2  208   18     1186.6487863604        0.5379707971        1.4437636738        0.0633448792
   2  2  209   24     1757.1435064696        0.7197726145        1.9229457965        0.0636322379
   2  2  210   24     1739.8384436629        0.7254609236        1.9155920350        0.0643813269
   2  2  211   29     1505.3993113213        0.9068127706        2.3387714696        0.0659141660
   2  2  212   22     1746.0569363375        0.7333869145        1.8156364368        0.0686678087
   2  2  213   22     1655.8538535613        0.7735806879        1.8541998596        0.0709247799
   2  2  214   24     1408.7750666966        0.8723812579        2.0511784137        0.0723022497
   2  2  215   18      962.5123941716        0.6593365741        1.5457362155        0.0725138070
   2  2  216   22     1563.3356065915        0.8203343000        1.9131829566        0.0728925744
   2  2  217   22     1528.2753280941        0.8356952292        1.9358187471        0.0733891999
   2  2  218   22     1474.5725573894        0.8697409420        1.9802812268        0.0746641225
   2  2  219   17      901.5085926685        0.7102027465        1.5743052904        0.0766906315
   2  2  220   13     1095.9677849311        0.5872273289        1.2560973601        0.0794752454
   2  2  221   22     1192.8501766155        1.0771389808        2.2291107874        0.0821464899
   2  2  222   11     1093.5355748158        0.5886826895        1.1778640310        0.0849640150
   2  2  223   11      971.3115633059        0.6635672709        1.2706467078        0.0887787576
   2  2  224   11      811.8626235985        0.8007652987        1.4396263450        0.0945593287
   2  2  225   11      717.7936507646        0.9090385000        1.5758991182        0.0980624605
   2  2  226   11      684.0032151214        0.9580566724        1.6433885243        0.0991059825
   2  2  227   11      697.6197898174        0.9383986849        1.6455260252        0.0969463709
   2  2  228   11      761.8245937416        0.9129157330        1.6570871116        0.0936557128
   2  2  229   11      500.9877869413        1.3722864281        2.2019329549        0.1059472280
   2  2  230   11      471.1021062273        1.4565213148        2.3971618292        0.1032924104
   2  2  231   18      367.3586562070        1.8829032448        3.6533083000        0.0876174484
   2  2  232   12      825.7099784832        0.8446565712        2.1313675124        0.0673706511
   2  2  233   12     1203.0530946046        0.5763555458        1.8604457053        0.0526650375
   2  2  234   24     1080.6168939658        0.6363641297        3.0111253000        0.0359273997
   2  2  235   24     1379.8724252261        0.5033250575        3.0567099957        0.0279925999
   2  2  236  184     1389.2490559150        0.9929904300       17.6409684546        0.0095691103
   2  2  237  816     1783.9701911012        0.8180262223       58.1254940281        0.0023924865
   2  2  238  126     1435.1593238614        0.9489907087        8.0322270802        0.0200851419
   2  2  239   42     1986.7154253916        0.7253720164        2.9618333345        0.0416340924
   2  2  240   24     1250.0133552080        0.5554784648        1.7728038718        0.0532666588
   2  2  241   27     1821.4650992648        0.7661813144        2.0756310447        0.0627523970
   2  2  242   23     1809.2476252002        0.7703372362        1.8391184114        0.0712065788
   2  2  243   22     1731.0818577266        0.8085690467        1.7939941300        0.0766205060
   2  2  244   20     1774.7879788795        0.7851694004        1.6544267576        0.0806797868
   2  2  245   10     1730.6715090994        0.4010195678        0.8278492373        0.0823499297
   2  2  246   18     1882.7475386920        0.7436856070        1.5016784172        0.0841901647
   2  2  247    9     1873.4721508968        0.3740903928        0.7492364233        0.0848802391
   2  2  248   18     1873.8610066742        0.7425378011        1.4848734031        0.0850115747
   2  2  249   18     1853.1493778573        0.7564454241        1.4842114002        0.0866424568
   2  2  250   18     1783.7704801188        0.7847251905        1.4948379281        0.0892426395
   2  2  251   16     1958.6536207407        0.7166144514        1.3375788019        0.0910783399
   2  2  252   16     1913.0969632979        0.7358528260        1.3454371244        0.0929772028
   2  2  253    8     1867.6589355024        0.3747213022        0.6754035602        0.0943178644
   2  2  254   16     1905.4970545963        0.7393070962        1.3398937785        0.0938001268
   2  2  255   16     1836.6817322335        0.7670672316        1.3523763776        0.0964239183
   2  2  256    8     1805.9744724201        0.3898428481        0.6782330844        0.0977146142
   2  2  257   14     1969.0423689061        0.7170043035        1.2075869087        0.1009374404
   2  2  258   14     1857.3011698682        0.7627696898        1.2364543348        0.1048731390
   2  2  259   14     1792.7235039325        0.7840254708        1.2505437389        0.1065811022
   2  2  260   14     1762.3315075533        0.7927416806        1.2567951346        0.1072299550
   2  2  261   14     1738.0947099885        0.8024604096        1.2639411497        0.1079308714
   2  2  262   14     1723.7548993777        0.8086371857        1.2688500500        0.1083408726
   2  2  263   14     1730.2707209679        0.8113417094        1.2715316288        0.1084739754
   2  2  264   14     1718.3230532108        0.8184081839        1.2764872445        0.1089939534
   2  2  265   14     1717.8872511167        0.8168066226        1.2765578531        0.1087746439
   2  2  266   14     1739.5372205112        0.8074051230        1.2715819055        0.1079433974
   2  2  267   14     1777.6006037912        0.7942630134        1.2640466816        0.1068194033
   2  2  268   14     1818.6156402793        0.7709691771        1.2490271536        0.1049334754
   2  2  269   14     1859.3316047040        0.7602955632        1.2416388540        0.1040964894
   2  2  270   14     1880.6451476400        0.7442441883        1.2304068004        0.1028290090
   2  2  271   16     1700.4059243783        0.8269443564        1.3893727916        0.1011827361
   2  2  272   16     1726.0663614863        0.8150054568        1.3786704054        0.1004960483
   2  2  273   16     1734.6297140986        0.8108579246        1.3734577399        0.1003640980
   2  2  274   16     1716.1912711850        0.8251703856        1.3787730564        0.1017418820
   2  2  275    8     1687.0953575505        0.4143178825        0.6893074091        0.1021808835
   2  2  276   14     1889.8782329436        0.7457410317        1.2165507640        0.1042093591
   2  2  277   14     1855.9805977307        0.7691667454        1.2291610296        0.1063801598
   2  2  278   14     1800.3992004301        0.7831222904        1.2362935153        0.1076854224
   2  2  279   14     1776.5823590036        0.7962499372        1.2433373539        0.1088702828
   2  2  280    7     1725.4123553107        0.4093334804        0.6286767051        0.1106875618
   2  2  281   14     1741.1490503916        0.8156022100        1.2551026578        0.1104709442
   2  2  282   14     1728.4019215966        0.8202514882        1.2583266991        0.1108160171
   2  2  283   14     1729.4326593833        0.8182425290        1.2578871498        0.1105832347
   2  2  284   14     1744.2088634595        0.8083410959        1.2523363524        0.1097292960
   2  2  285   14     1782.6951557977        0.7906770140        1.2414694798        0.1082709600
   2  2  286   14     1827.8090631645        0.7686113761        1.2274940767        0.1064477104
   2  2  287   14     1906.4387695854        0.7439410484        1.2109114124        0.1044419740
   2  2  288    8     1685.3602344101        0.4180265086        0.6863744351        0.1035360626
   2  2  289   16     1699.8617153399        0.8323830962        1.3683192579        0.1034152852
   2  2  290   14     1866.6948282794        0.7635609464        1.2172165603        0.1066411394
   2  2  291   14     1763.2637806643        0.8063847575        1.2441481700        0.1101841502
   2  2  292   14     1677.4898518953        0.8395993863        1.2648010229        0.1128492886
   2  2  293   14     1653.8233078754        0.8532822389        1.2750432686        0.1137671044
   2  2  294   14     1606.6996708221        0.8688863388        1.2882484858        0.1146600825
   2  2  295   14     1571.7747906814        0.8954185961        1.3115383168        0.1160630684
   2  2  296   14     1528.5815064474        0.9228246464        1.3355440482        0.1174653806
   2  2  297   14     1498.6964397562        0.9441039568        1.3538115350        0.1185524488
   2  2  298   14     1470.2836316935        0.9591752394        1.3671340590        0.1192712519
   2  2  299    7     1455.3071318160        0.4828580820        0.6873216429        0.1194286180
   2  2  300   14     1460.4497744678        0.9645060490        1.3777917342        0.1190063957
   2  2  301   14     1463.9835358713        0.9594444297        1.3807786692        0.1181257769
   2  2  302   14     1530.0145213931        0.9179259461        1.3632426925        0.1144678139
   2  2  303   16     1418.4004584599        0.9880065507        1.5280142578        0.1099211691
   2  2  304   16     1507.2558588525        0.9294307571        1.4945586345        0.1057189896
   2  2  305   16     1545.7129915716        0.9073824353        1.4850677819        0.1038706892
   2  2  306   16     1443.1293260902        1.0059600230        1.5839593239        0.1079656537
   2  2  307    8     1213.8106603255        0.5823581923        0.8704604495        0.1137339356
   2  2  308    9     1026.4375991321        0.6886106055        1.0168611122        0.1151227061
   2  2  309    9      932.0407512372        0.7579859600        1.0934854078        0.1178411822
   2  2  310   10      786.0837242042        0.9019822072        1.3033050054        0.1176524103
   2  2  311   10      861.5722916140        0.8180513495        1.2734622714        0.1092052215
   2  2  312   10      950.9299908239        0.7396992458        1.2492521168        0.1006593226
   2  2  313   10     1049.9218955788        0.6738186966        1.2304294638        0.0930969079
   2  2  314   10     1149.7917297756        0.6175464502        1.2135978464        0.0865055066
   2  2  315   18     1420.4736713258        0.9811790560        2.1272126457        0.0784126777
   2  2  316   17     1773.3850369491        0.7789028309        1.9139735480        0.0691825033
   2  2  317   16     1141.2055864003        0.6178014405        1.6963580252        0.0619127822
   2  2  318   17     1257.9019835592        0.5581597531        1.6788357576        0.0565196194
   2  2  319   38     1479.7129387645        0.9402826216        3.2962630347        0.0484937167
   2  2  320   42      896.0826562151        0.7908826398        3.2440137383        0.0414455855
   2  2  321   44      928.1590711525        0.7646484804        3.2053496375        0.0405541536
   2  2  322   37     1065.1115132751        0.6648628509        2.6215178868        0.0431149775
   2  2  323   31     1161.9383092986        0.6091574473        2.1688367545        0.0477476075
   2  2  324   36      692.3884924870        1.0146354489        2.6911600933        0.0640943015
   2  2  325   15     1106.4423262852        0.6448531274        1.2746925131        0.0860011576
   2  2  326   12     1140.3469029530        0.6211927636        1.0994790999        0.0960480011
   2  2  327   19     1246.2117640170        1.1223296325        1.8679659309        0.1021410693
   2  2  328   16     1581.8736447069        0.8871020086        1.5663722836        0.0962780962
   2  2  329   16     1970.3480395101        0.7092011260        1.4607599372        0.0825352533
   2  2  330   17     1229.6166940132        0.5793502094        1.4195995722        0.0693783920
   2  2  331   35     1645.9690520059        0.9065706571        2.6591631442        0.0579569599
   2  2  332   31     2142.1005043596        0.7032756485        2.2226231022        0.0537908835
   2  2  333   43     1370.3417386308        1.0371395335        3.0364349139        0.0580660300
   2  2  334   17     1498.9976065407        0.4719737218        1.2128475838        0.0661546709
   2  2  335   27     1635.0841045070        0.8784658274        1.9716308749        0.0757439907
   2  2  336   21     1615.8790257072        0.8792730703        1.6235262917        0.0920689876
   2  2  337   17     1653.7991445349        0.8512995155        1.3815133021        0.1047553559
   2  2  338    8     1566.0294011439        0.4504381319        0.6753276473        0.1133886384
   2  2  339   14     1675.5849438838        0.8485222142        1.2123734523        0.1189804809
   2  2  340   14     1590.7989990397        0.8898762064        1.2330356986        0.1226882200
   2  2  341   14     1573.6551263287        0.8984857870        1.2367022561        0.1235079689
   2  2  342   14     1555.7703323903        0.9067071217        1.2396652755        0.1243401858
   2  2  343   14     1567.3620642809        0.9042927579        1.2370249590        0.1242737810
   2  2  344   14     1555.3162346481        0.9094748281        1.2398167207        0.1247044972
   2  2  345   14     1567.9218444398        0.9112336736        1.2399233800        0.1249349170
   2  2  346    7     1567.2426202424        0.4553544833        0.6196494566        0.1249258937
   2  2  347   14     1570.5531858319        0.8998225582        1.2326827775        0.1240950532
   2  2  348   14     1606.1500885109        0.8877660452        1.2246489542        0.1232355012
   2  2  349   14     1616.3734385671        0.8834200066        1.2207479112        0.1230240902
   2  2  350   14     1592.8849351936        0.8980211234        1.2279213667        0.1243268463
   2  2  351   14     1573.8803248423        0.9038578971        1.2303808893        0.1248847766
   2  2  352   14     1569.0166892529        0.9058289837        1.2295457027        0.1252421336
   2  2  353   14     1581.2571531675        0.9006329320        1.2253776007        0.1249472802
   2  2  354    7     1560.3981764884        0.4538297021        0.6139744719        0.1256583993
   2  2  355   14     1574.3510654341        0.9068069022        1.2260325553        0.1257366068
   2  2  356   14     1557.9884738687        0.9097504066        1.2254597608        0.1262037107
   2  2  357   14     1562.0871166177        0.9162057617        1.2267535530        0.1269651750
   2  2  358   14     1554.2182229625        0.9171634737        1.2260390341        0.1271719629
   2  2  359    7     1542.1810560867        0.4598019831        0.6137866455        0.1273509903
   2  2  360   14     1549.7169540413        0.9176638836        1.2269097638        0.1271510463
   2  2  361   14     1542.5553163073        0.9200241251        1.2285550205        0.1273073641
   2  2  362   14     1543.5150503327        0.9219503192        1.2294874126        0.1274771524
   2  2  363   14     1531.5423043389        0.9254318552        1.2313299646        0.1277670648
   2  2  364   14     1521.6419728402        0.9302756817        1.2341512719        0.1281422055
   2  2  365   14     1522.6964145760        0.9339828686        1.2359153940        0.1284692208
   2  2  366   14     1509.7712049287        0.9366765818        1.2366547064        0.1287627161
   2  2  367   14     1509.6581157981        0.9371287763        1.2355167361        0.1289435321
   2  2  368   14     1514.9910302165        0.9375846621        1.2344105715        0.1291218629
   2  2  369   14     1499.0226326863        0.9407574425        1.2355548181        0.1294388261
   2  2  370   14     1451.9843959379        0.9726213779        1.2596779296        0.1312602455
   2  2  371   14     1405.4035052320        1.0002427139        1.2804275444        0.1328003776
   2  2  372   14     1373.6056354749        1.0269602111        1.3004295848        0.1342504338
   2  2  373   14     1345.9011576462        1.0478891571        1.3157514760        0.1353911890
   2  2  374   14     1309.9701617930        1.0712834645        1.3329504897        0.1366278721
   2  2  375   14     1294.0729843028        1.0924321094        1.3482101551        0.1377481529
   2  2  376   14     1271.1816163260        1.1090234635        1.3600205763        0.1386258356
   2  2  377    7     1264.9504540677        0.5563506067        0.6826041764        0.1385570238
   2  2  378   14     1281.1377930199        1.1060531957        1.3675283772        0.1374955331
   2  2  379   14     1298.6232520157        1.0796626847        1.3604961901        0.1349086148
   2  2  380   14     1368.0323218734        1.0303827172        1.3395206239        0.1307669765
   2  2  381   14     1451.4702671588        0.9634272490        1.3057527849        0.1254315780
   2  2  382   14     1590.1071097666        0.8864506635        1.2634471159        0.1192741753
   2  2  383   17     1477.3303716628        0.9612535874        1.4660406758        0.1114656043
   2  2  384   12     1235.4532080236        0.5680460166        0.9687304224        0.0996849284
   2  2  385   22     1497.5177905161        0.9375134168        1.7024907682        0.0936141821
   2  2  386   11     1455.4439722856        0.4851252938        0.8526829888        0.0967197669
   2  2  387   20     1518.8430420438        0.9399352177        1.5702155043        0.1017624565
   2  2  388   10     1405.5195840666        0.5020085529        0.7965752142        0.1071354625
   2  2  389   18     1490.3401359165        0.9490662299        1.4489714380        0.1113488195
   2  2  390    9     1427.7656942752        0.4923736554        0.7302158256        0.1146284680
   2  2  391   16     1544.8724760968        0.9202910886        1.3167767671        0.1188124586
   2  2  392   16     1463.9270243041        0.9653283449        1.3358735118        0.1228453272
   2  2  393   16     1417.4999338318        0.9964843389        1.3474384615        0.1257217620
   2  2  394   14     1546.4049856119        0.9170182885        1.1996792889        0.1299456534
   2  2  395   14     1531.1713751638        0.9214794905        1.1997980826        0.1305648973
   2  2  396   14     1483.8678157212        0.9507462988        1.2133119849        0.1332113033
   2  2  397   14     1446.3959889232        0.9748521514        1.2240246915        0.1353934009
   2  2  398   14     1438.8404289591        0.9786099772        1.2257588741        0.1357230200
   2  2  399   14     1439.2573182690        0.9804371186        1.2260439041        0.1359448137
   2  2  400   14     1443.3366763179        0.9819475808        1.2260777079        0.1361504965
   2  2  401   14     1447.9791951634        0.9816399706        1.2246557010        0.1362658867
   2  2  402   14     1438.3601614458        0.9853718833        1.2261824778        0.1366136144
   2  2  403   14     1426.6823219726        0.9862654029        1.2254470543        0.1368195533
   2  2  404   14     1443.2079752178        0.9829159933        1.2214762899        0.1367981681
   2  2  405   14     1437.0928806400        0.9835373010        1.2205118584        0.1369928035
   2  2  406   14     1440.4445402283        0.9849166379        1.2201200505        0.1372289787
   2  2  407   14     1425.2690263874        0.9861363572        1.2196096431        0.1374564244
   2  2  408   14     1426.0490894067        0.9877156362        1.2193766114        0.1377028693
   2  2  409   14     1432.8609809143        0.9893619366        1.2191972921        0.1379526762
   2  2  410   14     1420.8065032881        0.9908703129        1.2189499442        0.1381910340
   2  2  411   14     1424.8906575056        0.9930548965        1.2195253436        0.1384303601
   2  2  412   14     1416.2884201122        0.9958715452        1.2210270236        0.1386522652
   2  2  413   14     1411.0816658068        0.9994556753        1.2231139646        0.1389138459
   2  2  414   14     1417.9690613711        1.0023530745        1.2246725237        0.1391392551
   2  2  415   14     1407.0843667168        1.0052593815        1.2261624543        0.1393731265
   2  2  416   14     1401.0248949759        1.0075345594        1.2268934273        0.1396053408
   2  2  417   14     1408.0217169032        1.0094896508        1.2271432558        0.1398477642
   2  2  418   14     1401.9558470107        1.0106288287        1.2266648283        0.1400601834
   2  2  419   14     1397.1418746967        1.0124900033        1.2267358060        0.1403099997
   2  2  420   14     1386.5673483129        1.0142035218        1.2266976520        0.1405518291
   2  2  421   14     1393.0373951682        1.0153166492        1.2262042310        0.1407627098
   2  2  422   14     1380.7735217353        1.0159841141        1.2253747052        0.1409505996
   2  2  423   14     1382.8293166480        1.0168378425        1.2246825719        0.1411487656
   2  2  424   14     1370.5388218810        1.0228381049        1.2277732601        0.1416242587
   2  2  425   14     1372.9964359202        1.0238751452        1.2272107182        0.1418328345
   2  2  426   14     1358.6133477067        1.0292051964        1.2297899641        0.1422721672
   2  2  427   14     1345.6338038288        1.0378332568        1.2348190935        0.1428805682
   2  2  428   14     1314.5411933129        1.0581537477        1.2484002138        0.1440933245
   2  2  429   14     1286.9436613465        1.0906070783        1.2708571553        0.1458883105
   2  2  430   14     1243.4177808597        1.1261640764        1.2954819939        0.1477812072
   2  2  431   14     1199.9433658700        1.1628842684        1.3208455346        0.1496695264
   2  2  432    7     1173.2881686834        0.5945525248        0.6694247260        0.1509862503
   2  2  433    7     1160.7565846037        0.6009803019        0.6737444403        0.1516400659
   2  2  434    7     1158.3666407295        0.6043292423        0.6758325971        0.1520139331
   2  2  435    7     1148.2347174985        0.6104096495        0.6798820714        0.1526288820
   2  2  436    7     1134.6202516587        0.6167893912        0.6840681742        0.1532803315
   2  2  437    7     1116.0788793250        0.6225828341        0.6878704450        0.1538648485
   2  2  438    7     1110.1274536174        0.6276378391        0.6914611282        0.1543086492
   2  2  439    7     1104.7602928174        0.6383494604        0.6993762765        0.1551659842
   2  2  440    7     1087.0281403575        0.6408062066        0.7029865105        0.1549632226
   2  2  441    7     1084.1543215289        0.6457940785        0.7082345438        0.1550121980
   2  2  442    7     1093.6599060444        0.6424336325        0.7081795605        0.1542175511
   2  2  443    7     1099.8596710057        0.6358318587        0.7078616643        0.1527013277
   2  2  444    7     1127.1830096255        0.6221157955        0.7032801882        0.1503805837
   2  2  445   14     1192.4163084544        1.1637224635        1.3737104393        0.1440134785
   2  2  446   15     1349.2989503379        1.0534601392        1.3774243965        0.1300167357
   2  2  447   17     1385.9065314855        1.0168254115        1.4669722725        0.1178347561
   2  2  448   10     1290.3713033308        0.5472431560        0.8317502249        0.1118500888
   2  2  449   18      779.6725516775        0.9000265620        1.4406697683        0.1062037386
   2  2  450   22     1290.8907463595        1.0937973894        1.7463409046        0.1064772380
   2  2  451   22     1207.6395005013        1.1702915716        1.7710302186        0.1123355012
   2  2  452   10     1219.0948691412        0.5747561780        0.8227548225        0.1187577971
   2  2  453   10     1161.6980978944        0.6022364850        0.8340485622        0.1227508890
   2  2  454   18     1223.7019845935        1.1452011519        1.5310459122        0.1271576471
   2  2  455   16     1323.9430592278        1.0608333923        1.3825255313        0.1304436501
   2  2  456   18     1220.0383315671        1.1440376984        1.5292582679        0.1271769542
   2  2  457   18     1288.9206521744        1.0832854774        1.4934700893        0.1233091526
   2  2  458   20     1222.8737449013        1.1476736216        1.6226803356        0.1202359524
   2  2  459   10     1190.3486182494        0.5910584247        0.8149637096        0.1232937504
   2  2  460   18     1291.6379378712        1.0957080473        1.4764711118        0.1261591687
   2  2  461   18     1214.8012047187        1.1502968104        1.4953155566        0.1307753784
   2  2  462   16     1275.9525308015        1.0957810993        1.3601833628        0.1369541725
   2  2  463    8     1264.7771902511        0.5559066804        0.6827961619        0.1384075379
   2  2  464   16     1261.1800920792        1.1067433931        1.3618798370        0.1381519659
   2  2  465    8     1252.3716454147        0.5584388948        0.6822144967        0.1391565447
   2  2  466   16     1271.8653792975        1.1084897903        1.3582604833        0.1387386784
   2  2  467    8     1265.3758236222        0.5568792090        0.6788715451        0.1394512205
   2  2  468   16     1259.3069094792        1.1083540297        1.3535354939        0.1392059432
   2  2  469   16     1270.5300392848        1.1023581912        1.3479066122        0.1390310655
   2  2  470   16     1269.6182367253        1.1046629431        1.3444549612        0.1396794283
   2  2  471    8     1241.5685666715        0.5649063401        0.6766946022        0.1419164236
   2  2  472   14     1351.4718886664        1.0341151615        1.2032483179        0.1461041539
   2  2  473   14     1331.4464080413        1.0569051467        1.2123051035        0.1482084621
   2  2  474   14     1299.8363186059        1.0721643162        1.2183402190        0.1496034777
   2  2  475   14     1280.5019937277        1.0954434446        1.2293729596        0.1514799753
   2  2  476   14     1252.9798759650        1.1170843565        1.2402329869        0.1531198917
   2  2  477   14     1219.4172557138        1.1410366690        1.2536961362        0.1547234837
   2  2  478   14     1187.0710889982        1.1664519306        1.2704889439        0.1560791451
   2  2  479    7     1168.7890443344        0.5930405934        0.6420920808        0.1570131511
   2  2  480    7     1149.4902731906        0.6022441942        0.6473003866        0.1581669270
   2  2  481    7     1132.0730823266        0.6136633766        0.6541737223        0.1594725842
   2  2  482    7     1091.3656657726        0.6359576436        0.6680058418        0.1618440927
   2  2  483    7     1058.4132301051        0.6561537101        0.6803944617        0.1639433255
   2  2  484    7     1028.4030800292        0.6781717087        0.6943079054        0.1660490822
   2  2  485    7      982.4698746690        0.7046632747        0.7117846708        0.1682991523
   2  2  486    7      946.4923113879        0.7362188061        0.7324678254        0.1708705730
   2  2  487    7      891.9413810481        0.7804698746        0.7615325510        0.1742274555
   2  2  488    7      854.7755927788        0.8105252737        0.7812326034        0.1763742270
   2  2  489    7      826.5186190897        0.8380866740        0.7992261943        0.1782658471
   2  2  490    7      788.6564124843        0.8746826041        0.8244320984        0.1803617823
   2  2  491    7      766.1054494143        0.9048988087        0.8455803547        0.1819256995
   2  2  492    7      742.0707651052        0.9340430588        0.8683371990        0.1828636619
   2  2  493    7      758.7313802023        0.9142782182        0.8656715566        0.1795453436
   2  2  494    7      769.6902930192        0.9039507492        0.8682447710        0.1769911349
   2  2  495    8      702.0802677902        0.9946977541        0.9804998824        0.1724616405
   2  2  496    8      757.8724499160        0.9187860250        0.9483373888        0.1647025901
   2  2  497    8      816.7044351860        0.8581124918        0.9250118387        0.1577051423
   2  2  498    8      861.5943420335        0.8133688816        0.9071955573        0.1524177547
   2  2  499    9      840.0045349789        0.8316134947        0.9793715373        0.1443520551
   2  2  500    9      955.0127524265        0.7302271768        0.9282600715        0.1337325862
   2  2  501   10      952.9936906617        0.7295410925        0.9907468859        0.1251802933
   2  2  502   10     1043.2325363133        0.6703592238        0.9604313646        0.1186561292
   2  2  503   21      589.5995936008        1.1763235545        1.8835294006        0.1061703652
   2  2  504   22      671.5438242021        1.0248893803        1.8477365619        0.0942943914
   2  2  505   24      684.0968692506        1.0140597436        1.9418943052        0.0887742221
   2  2  506   15      278.1970454900        0.6639870870        1.2117139809        0.0931554860
   2  2  507   22      148.1502271669        1.2126583181        1.8323587752        0.1125063044
   2  2  508   16      156.8721127851        1.1296753488        1.4032544804        0.1368567227
   2  2  509   27       86.3780423586        2.0574425073        2.4043778948        0.1454701555
   2  2  510   24       81.1709862639        2.1354211695        2.2392056508        0.1621207050
   2  2  511   26       66.3908594822        2.5659806247        2.5185476109        0.1732016914
   2  2  512   13      120.3694357320        1.4051534225        1.3102294538        0.1823162204
   2  2  513   16       97.6463065404        1.6992089975        1.6115934884        0.1792421796
   2  2  514   24       67.4501710537        2.4170875978        2.4105768641        0.1704591535
   2  2  515   24       70.9290604588        2.2700837385        2.4276753679        0.1589645142
   2  2  516   24       77.7985886392        2.0557704453        2.4309465300        0.1437633331
   2  2  517   24       82.1512765021        1.9039243284        2.4696080767        0.1310601220
   2  2  518   24       87.2797952854        1.7603223332        2.5042193979        0.1195002310
   2  2  519   12      184.9912835407        0.8183952307        1.2617193208        0.1102679391
   2  2  520   22      109.9650593136        1.3588093996        2.3271185266        0.0992633574
   2  2  521   19      148.0317829361        1.0126798459        1.9951281930        0.0862879761
   2  2  522   30      110.6235391467        1.3355044845        3.1644796354        0.0717450540
   2  2  523   33      126.2442907184        1.1561090451        3.4103000349        0.0576308640
   2  2  524   42      124.8147941000        1.1644157964        4.2537574356        0.0465354897
   2  2  525   44      144.4881599899        0.9869347818        4.4002974123        0.0381289938
   2  2  526  103       92.1078637422        1.5662545063        9.9237836952        0.0268308212
   2  2  527  275       83.8593472756        1.7069807993       34.2257138668        0.0084786175
   2  2  528 5836       93.1788582736        1.5067667659      506.7993029459        0.0005054276
   2  2  529   49       83.1993931459        1.6613833507        3.2138248315        0.0878813204
   2  2  530   27       98.6402802231        1.3866933420        1.8592010911        0.1267952505
   2  2  531   19      111.5366103720        1.2019456401        1.3399225272        0.1524944575
   2  2  532   17       98.4791833968        1.3581738995        1.2464097370        0.1852437093
   2  2  533   13      106.2196275197        1.2481207362        0.9896533512        0.2143988346
   2  2  534   12      101.0356726458        1.2942431034        0.9372087586        0.2347623468
   2  2  535   10      107.9149166423        1.2021873368        0.8025841433        0.2546422689
   2  2  536   10      100.0536156754        1.2818414134        0.8151894574        0.2673158225
   2  2  537   14       67.8594902032        1.8845003313        1.1514206140        0.2782346020
   2  2  538    9       98.5920733538        1.2681318306        0.7476138140        0.2883606578
   2  2  539    9       94.7856782748        1.3089880584        0.7528275673        0.2955895607
   2  2  540    9       90.8908959864        1.3503004890        0.7568138185        0.3033124892
   2  2  541    9       87.7799511030        1.3794981601        0.7589272289        0.3090081345
   2  2  542    8       92.2002737777        1.2916134123        0.6841938382        0.3209240830
   2  2  543    8       86.8545823765        1.3621960343        0.6947957339        0.3332969886
   2  2  544    7       94.9689118688        1.2376709238        0.6148488339        0.3422045313
   2  2  545    7       90.4951759946        1.2866676865        0.6225510349        0.3513503222
   2  2  546    7       85.2786771126        1.3377658954        0.6310733562        0.3603704704
   2  2  547    7       81.9561246866        1.3693238694        0.6357505545        0.3661578526
   2  2  548    7       80.2324764217        1.3930385507        0.6393819750        0.3703835311
   2  2  549    7       79.3278888654        1.3949944901        0.6386860636        0.3713077157
   2  2  550    7       78.1318029062        1.3945443117        0.6376059445        0.3718166919
   2  2  551    7       76.8525841515        1.4011519696        0.6380453825        0.3733211483
   2  2  552    7       75.1245218593        1.4066069855        0.6388509835        0.3743019792
   2  2  553    7       74.3231602185        1.4070202500        0.6385411536        0.3745936204
   2  2  554    7       73.0140198715        1.4095430995        0.6390931769        0.3749411441
   2  2  555    7       71.6948624848        1.4145149529        0.6405343711        0.3754170781
   2  2  556    7       69.5484625290        1.4182945374        0.6416404618        0.3757713014
   2  2  557    7       69.4266949612        1.4224333285        0.6428498354        0.3761588672
   2  2  558    7       67.9075831616        1.4266783686        0.6440885417        0.3765558723
   2  2  559    6       77.1263013269        1.2281735881        0.5535577319        0.3771774793
   2  2  560    7       66.1547495193        1.4259427336        0.6429364747        0.3770361058
   2  2  561    7       64.6223768769        1.4207279254        0.6400731874        0.3773377046
   2  2  562    7       64.3563740049        1.4163236093        0.6375186822        0.3776752279
   2  2  563    7       62.5962404132        1.4189723447        0.6378705227        0.3781728266
   2  2  564    7       61.6092926279        1.4214930626        0.6384486659        0.3785015673
   2  2  565    7       60.4513409108        1.4233912481        0.6388518107        0.3787678271
   2  2  566    7       58.9888890357        1.4255651321        0.6393303900        0.3790623381
   2  2  567    7       57.9631392548        1.4288662592        0.6401210866        0.3794708050
   2  2  568    7       56.2770250149        1.4315703334        0.6406585591        0.3798699841
   2  2  569    7       54.4397622860        1.4290950543        0.6394353206        0.3799385980
   2  2  570    7       52.9495791687        1.4284613410        0.6386958966        0.3802097825
   2  2  571    7       52.6957930379        1.4283606077        0.6381765685        0.3804923516
   2  2  572    7       52.2608704877        1.4294809524        0.6381528545        0.3808049438
   2  2  573    7       51.1614999936        1.4300285852        0.6379755436        0.3810567065
   2  2  574    7       49.9775040786        1.4328606161        0.6385979692        0.3814392098
   2  2  575    7       48.6108185313        1.4372117603        0.6398668362        0.3818388224
   2  2  576    7       47.6276698630        1.4399227320        0.6406823664        0.3820721114
   2  2  577    7       45.9966451686        1.4478160385        0.6424612989        0.3831028063
   2  2  578    7       44.2263565099        1.4466393240        0.6414479786        0.3833961495
   2  2  579    7       42.7936251225        1.4678563080        0.6465124746        0.3859717827
   2  2  580    7       40.3418987103        1.4974196763        0.6542687110        0.3890776690
   2  2  581    7       38.0167464653        1.5293600099        0.6628557715        0.3922289174
   2  2  582    7       35.4641983128        1.5543763654        0.6695515583        0.3946581542
   2  2  583    7       33.4963664081        1.5796544895        0.6762337849        0.3971130535
   2  2  584    6       36.2524737609        1.3870157184        0.5883952504        0.4007385715
   2  2  585    6       34.8557544729        1.4090189439        0.5941866432        0.4031279114
   2  2  586    6       32.5519133285        1.4311815107        0.5999441768        0.4055391588
   2  2  587    6       30.4006171995        1.4528851988        0.6055376745        0.4078862376
   2  2  588    6       28.8567466482        1.4757381559        0.6114309083        0.4103088069
   2  2  589    6       26.1159030534        1.5201577253        0.6230081716        0.4148048534
   2  2  590    6       23.8733641193        1.5663057421        0.6349374326        0.4193672675
   2  2  591    7       17.7224482174        1.9058875567        0.7611751382        0.4256587852
   2  2  592    7       13.0256303601        2.1371768596        0.8221628879        0.4419076456
   2  2  593    7        3.2191278555        2.9449904171        1.0365204750        0.4830086651
   2  2  594    7        1.1548610403        3.3682504292        1.1495402966        0.4981143981
   2  2  595    7        1.0816011367        3.1691294996        1.1125607642        0.4842450249
   2  2  596    7        1.0908528251        2.8464119346        1.0596282497        0.4566601815
   2  2  597    7        1.1048954698        2.4653548652        1.0023322288        0.4181351403
   2  2  598    7        1.1281426788        2.0180984864        0.9341277232        0.3672696294
   2  2  599    7        1.1635572700        1.5811251925        0.8633740419        0.3113265742
   2  2  600    7        1.2128416450        1.2150087934        0.7977035196        0.2589326608
   2  2  601    7        1.2732674593        0.9463416962        0.7439051779        0.2162615521
   2  2  602    7        1.3530566322        0.7324724748        0.6966332845        0.1787458674
   2  2  603    7        1.4450910760        0.5810140247        0.6571827485        0.1502966784
   2  2  604   15        1.2857267313        0.9050747670        1.2988457531        0.1184611106
   2  2  605   19        1.3399993472        0.7606012703        1.4834972463        0.0871604017
   2  2  606   22        1.4133596992        0.6256144872        1.5782889068        0.0673859281
   2  2  607   22        1.4853206238        0.5328512880        1.5221843098        0.0595096917
   2  2  608   44        1.2765858203        0.9349849186        2.9278424005        0.0542882486
   2  2  609   40        1.3283799210        0.7875126435        2.5377296414        0.0527546935
   2  2  610   43        1.2758732900        0.9373979648        2.6634910208        0.0598303703
   2  2  611   24        1.4005173881        0.6456716353        1.4598503432        0.0751886510
   2  2  612   20        1.3851874511        0.6713676208        1.2092291891        0.0943845026
   2  2  613   15        1.4244890565        0.6092077307        0.9043035503        0.1145249448
   2  2  614    4        3.7138422761        0.1778499918        0.2405169676        0.1257063021
   2  2  615    1        6.6808170273        0.0455218849        0.0600873412        0.1287911941
   2  2  616    1        6.5486110137        0.0466065097        0.0601246988        0.1317779017
   2  2  617    1        6.4318146597        0.0476086321        0.0601584575        0.1345358207
   2  2  618    1        6.3655619460        0.0481964642        0.0601515332        0.1362126363
   2  2  619    1        6.3013084108        0.0487805857        0.0601385548        0.1378932299
   2  2  620    1        6.2676569424        0.0490921670        0.0601070578        0.1388467294
   2  2  621    1        6.1978830665        0.0497510998        0.0601039657        0.1407176193
   2  2  622    1        6.1378909157        0.0503319413        0.0600985695        0.1423732725
   2  2  623    1        6.0875321883        0.0508300543        0.0600505950        0.1438971459
   2  2  624    1        6.0153680859        0.0515613042        0.0600534318        0.1459603799
   2  2  625    1        5.9253500509        0.0525035079        0.0600686986        0.1485898072
   2  2  626    1        5.8107632295        0.0537538765        0.0601130373        0.1520162583
   2  2  627    1        5.7741584185        0.0541657501        0.0601020716        0.1532089870
   2  2  628    1        5.7018348807        0.0549985772        0.0601249053        0.1555055775
   2  2  629    1        5.6338078864        0.0558055544        0.0600919907        0.1578736890
   2  2  630    1        5.5838219274        0.0564135084        0.0600569786        0.1596866286
   2  2  631    1        5.5369958456        0.0569949542        0.0600207733        0.1614298129
   2  2  632    1        5.4469232915        0.0581484083        0.0599980721        0.1647591175
   2  2  633    1        5.4039842596        0.0587139565        0.0599552093        0.1664804895
   2  2  634    1        5.3326560760        0.0596786689        0.0599389478        0.1692617920
   2  2  635    1        5.2737952390        0.0604980739        0.0599090625        0.1716713987
   2  2  636    1        5.1632808001        0.0621007616        0.0599056726        0.1762292117
   2  2  637    1        5.1086863708        0.0629214893        0.0599019637        0.1785693244
   2  2  638    1        5.0564094842        0.0637264607        0.0599007128        0.1808575860
   2  2  639    1        4.9945516386        0.0647055010        0.0598641965        0.1837481469
   2  2  640    1        4.9407914909        0.0655776082        0.0598235278        0.1863513205
   2  2  641    1        4.8653071195        0.0668439117        0.0598011064        0.1900209823
   2  2  642    1        4.8012842175        0.0679502515        0.0597708131        0.1932639386
   2  2  643    1        4.7448604491        0.0689482892        0.0597229940        0.1962595707
   2  2  644    1        4.6955055154        0.0698325717        0.0596824614        0.1989116553
   2  2  645    1        4.6263896243        0.0711154603        0.0596420041        0.2027032531
   2  2  646    1        4.5366201310        0.0728559818        0.0596082577        0.2077818978
   2  2  647    1        4.4980623384        0.0735693934        0.0595359868        0.2100712116
   2  2  648    1        4.4312594773        0.0748751253        0.0594900418        0.2139647397
   2  2  649    1        4.3317383064        0.0769428471        0.0594536149        0.2200082203
   2  2  650    1        4.2620615758        0.0783602635        0.0593795968        0.2243404388
   2  2  651    1        4.1698201058        0.0803263870        0.0593154473        0.2302180363
   2  2  652    1        4.0313989767        0.0835506965        0.0592795068        0.2396041936
   2  2  653    1        3.9218237004        0.0860920276        0.0592017999        0.2472162114
   2  2  654    1        3.7890317078        0.0893716401        0.0591245898        0.2569688664
   2  2  655    1        3.6297498666        0.0936345559        0.0590511603        0.2695607409
   2  2  656    1        3.4454219734        0.0991886190        0.0589622853        0.2859805240
   2  2  657    1        3.2294361268        0.1067328480        0.0588714580        0.3082068083
   2  2  658    1        2.9943852252        0.1166198063        0.0587619225        0.3373845888
   2  2  659    1        2.7485031524        0.1293014851        0.0586350726        0.3748823275
   2  2  660    1        2.4934979742        0.1468198126        0.0584791705        0.4268078347
   2  2  661    1        2.2344709628        0.1719688442        0.0582940425        0.5015041373
   2  2  662    1        1.9912740973        0.2074245634        0.0580623420        0.6073157673
   2  2  663    1        1.0000000000        0.2607294327        0.0577165760        0.7679596855
